1,1,1066.78,372.50,41.43,82.86,0.82,-1,-1,-1
1,2,0.00,452.76,31.07,139.82,0.82,-1,-1,-1
1,3,908.83,341.42,25.89,72.50,0.76,-1,-1,-1
1,4,1012.40,372.50,36.25,82.86,0.76,-1,-1,-1
1,5,181.25,393.21,31.07,93.21,0.71,-1,-1,-1
2,1,1070.79,372.16,41.73,83.46,0.82,-1,-1,-1
2,4,1015.62,371.51,36.48,83.39,0.76,-1,-1,-1
2,5,176.08,384.44,31.78,95.33,0.71,-1,-1,-1
3,1,1076.27,367.69,41.74,83.49,0.82,-1,-1,-1
3,4,1020.60,368.18,36.65,83.78,0.76,-1,-1,-1
3,5,173.03,397.61,32.19,96.58,0.71,-1,-1,-1
4,1,1084.48,365.98,43.58,87.25,0.76,-1,-1,-1
4,2,-3.31,461.75,28.71,130.83,0.57,-1,-1,-1
4,3,913.38,341.42,25.79,72.50,0.76,-1,-1,-1
4,4,1026.70,371.90,36.43,83.51,0.76,-1,-1,-1
4,5,167.78,407.21,30.17,90.41,0.05,-1,-1,-1
5,1,1088.47,373.56,43.50,87.10,0.76,-1,-1,-1
5,4,1029.77,377.96,36.98,84.75,0.76,-1,-1,-1
5,5,161.48,401.96,31.07,93.12,0.05,-1,-1,-1
6,1,1094.80,381.71,43.36,86.82,0.76,-1,-1,-1
6,4,1035.17,385.20,37.74,86.51,0.76,-1,-1,-1
6,5,157.54,411.63,31.04,93.03,0.05,-1,-1,-1
7,1,1100.13,381.99,44.00,87.94,0.76,-1,-1,-1
7,3,925.64,343.44,27.03,76.54,0.71,-1,-1,-1
7,4,1038.63,387.55,34.81,79.99,0.76,-1,-1,-1
7,5,155.87,415.95,29.80,88.72,0.57,-1,-1,-1
8,1,1104.90,389.15,43.90,87.74,0.76,-1,-1,-1
8,4,1043.80,393.92,35.13,80.71,0.76,-1,-1,-1
8,5,150.08,420.05,29.71,88.45,0.57,-1,-1,-1
9,1,1109.54,394.59,43.53,87.01,0.76,-1,-1,-1
9,4,1048.01,397.29,35.78,82.21,0.76,-1,-1,-1
9,5,144.31,419.21,29.59,88.09,0.57,-1,-1,-1
10,1,1109.17,400.77,44.28,87.95,0.85,-1,-1,-1
10,3,930.84,359.44,24.65,70.13,0.64,-1,-1,-1
10,4,1049.62,404.22,35.62,81.82,0.82,-1,-1,-1
10,5,137.62,399.02,34.34,102.26,0.36,-1,-1,-1
10,2,9.83,484.47,19.61,87.03,0.76,-1,-1,-1
11,1,1114.17,388.88,45.61,90.59,0.85,-1,-1,-1
11,4,1055.08,394.38,36.38,83.57,0.82,-1,-1,-1
11,5,133.06,410.24,34.58,102.96,0.36,-1,-1,-1
12,1,1118.63,392.82,46.12,91.61,0.85,-1,-1,-1
12,4,1059.47,398.59,36.41,83.64,0.82,-1,-1,-1
12,5,126.45,410.98,34.56,102.92,0.36,-1,-1,-1
13,1,1129.56,399.23,45.02,89.22,0.85,-1,-1,-1
13,3,934.71,353.03,26.30,75.64,0.76,-1,-1,-1
13,4,1067.60,405.89,35.99,82.66,0.76,-1,-1,-1
13,5,116.90,390.15,38.19,114.18,0.71,-1,-1,-1
13,8,318.66,365.25,27.60,66.29,0.71,-1,-1,-1
14,1,1134.71,394.69,45.37,89.93,0.85,-1,-1,-1
14,4,1072.47,402.13,36.56,83.96,0.76,-1,-1,-1
14,5,109.90,398.62,39.16,117.09,0.71,-1,-1,-1
14,8,316.29,371.28,27.69,66.51,0.71,-1,-1,-1
15,1,1140.32,397.87,46.03,91.22,0.85,-1,-1,-1
15,4,1077.74,404.09,37.50,86.13,0.76,-1,-1,-1
15,5,104.18,396.14,39.33,117.58,0.71,-1,-1,-1
15,8,315.82,369.25,27.74,66.62,0.71,-1,-1,-1
16,1,1143.90,401.10,46.65,92.49,0.85,-1,-1,-1
16,3,939.62,358.31,26.55,77.31,0.76,-1,-1,-1
16,4,1081.49,406.92,36.28,83.30,0.76,-1,-1,-1
16,5,96.22,396.58,37.56,113.88,0.36,-1,-1,-1
16,8,317.23,365.23,27.92,67.16,0.71,-1,-1,-1
17,1,1148.65,400.32,47.26,93.70,0.85,-1,-1,-1
17,4,1085.87,405.47,37.00,84.95,0.76,-1,-1,-1
17,5,88.69,399.58,38.68,117.30,0.36,-1,-1,-1
17,8,315.36,367.48,27.95,67.24,0.71,-1,-1,-1
18,1,1154.13,401.29,47.71,94.60,0.85,-1,-1,-1
18,4,1090.76,405.28,38.11,87.50,0.76,-1,-1,-1
18,5,82.02,399.25,39.84,120.82,0.36,-1,-1,-1
18,8,314.17,366.68,28.42,68.36,0.71,-1,-1,-1
19,1,1162.32,401.52,47.39,94.01,0.82,-1,-1,-1
19,3,945.78,360.12,24.47,70.76,0.71,-1,-1,-1
19,4,1098.49,403.27,39.27,90.68,0.76,-1,-1,-1
19,5,65.87,399.21,41.77,126.87,0.11,-1,-1,-1
19,8,313.03,364.85,27.95,67.72,0.71,-1,-1,-1
19,9,446.10,350.23,19.23,52.82,0.64,-1,-1,-1
19,10,336.67,366.28,33.02,66.29,0.64,-1,-1,-1
20,1,1167.35,402.26,47.72,94.65,0.82,-1,-1,-1
20,4,1102.77,403.07,39.97,92.30,0.76,-1,-1,-1
20,5,57.52,402.44,42.55,129.23,0.11,-1,-1,-1
20,10,334.64,367.54,33.25,66.75,0.64,-1,-1,-1
21,1,1172.22,404.30,48.74,96.68,0.82,-1,-1,-1
21,4,1107.40,404.87,40.52,93.58,0.76,-1,-1,-1
21,5,49.53,402.64,43.34,131.64,0.11,-1,-1,-1
21,10,333.05,367.12,33.63,67.51,0.64,-1,-1,-1
22,1,1178.74,403.51,49.01,98.14,0.85,-1,-1,-1
22,3,951.31,360.54,23.76,68.20,0.76,-1,-1,-1
22,4,1110.99,403.95,41.43,96.49,0.82,-1,-1,-1
22,5,37.00,405.72,44.18,134.69,0.04,-1,-1,-1
22,8,310.81,364.60,30.60,75.13,0.76,-1,-1,-1
22,9,441.42,353.50,20.42,56.09,0.57,-1,-1,-1
22,10,331.35,365.36,33.46,67.26,0.71,-1,-1,-1
23,1,1183.65,404.28,50.48,101.09,0.85,-1,-1,-1
23,4,1115.77,405.53,42.10,98.05,0.82,-1,-1,-1
23,5,29.37,406.83,44.89,136.85,0.04,-1,-1,-1
23,10,330.29,365.36,33.85,68.05,0.71,-1,-1,-1
24,1,1188.55,401.98,51.99,104.12,0.85,-1,-1,-1
24,4,1120.44,404.71,42.62,99.27,0.82,-1,-1,-1
24,5,21.26,411.58,45.89,139.89,0.04,-1,-1,-1
24,10,328.44,367.40,34.22,68.81,0.71,-1,-1,-1
25,1,1193.91,405.82,51.78,103.69,0.82,-1,-1,-1
25,3,954.84,358.76,27.05,78.22,0.71,-1,-1,-1
25,4,1128.76,407.78,42.22,99.18,0.82,-1,-1,-1
25,5,6.81,402.64,56.36,174.75,0.02,-1,-1,-1
25,8,310.16,368.05,31.35,77.61,0.71,-1,-1,-1
25,9,439.92,358.49,20.80,57.13,0.71,-1,-1,-1
25,10,329.41,372.65,33.64,67.77,0.76,-1,-1,-1
26,1,1200.00,408.74,52.16,104.44,0.82,-1,-1,-1
26,3,954.97,358.84,27.86,80.57,0.71,-1,-1,-1
26,4,1133.80,410.12,42.77,100.48,0.82,-1,-1,-1
26,8,308.63,367.82,31.81,78.74,0.71,-1,-1,-1
26,10,327.92,372.70,34.15,68.81,0.76,-1,-1,-1
27,1,1204.83,410.94,53.72,107.58,0.82,-1,-1,-1
27,3,954.81,359.26,28.70,82.98,0.71,-1,-1,-1
27,4,1138.09,411.95,43.83,102.96,0.82,-1,-1,-1
27,8,306.43,368.86,32.36,80.11,0.71,-1,-1,-1
27,10,325.87,373.91,34.81,70.13,0.76,-1,-1,-1
28,1,1215.50,411.72,53.87,108.84,0.82,-1,-1,-1
28,3,963.20,363.02,27.41,79.45,0.76,-1,-1,-1
28,4,1147.45,412.18,45.16,106.80,0.82,-1,-1,-1
28,8,302.32,373.01,32.17,79.00,0.64,-1,-1,-1
28,9,440.26,361.95,19.56,53.53,0.71,-1,-1,-1
28,10,323.44,371.89,37.01,75.09,0.64,-1,-1,-1
28,11,1018.32,353.85,22.35,55.93,0.64,-1,-1,-1
29,1,1221.53,419.54,55.19,111.50,0.82,-1,-1,-1
29,4,1152.14,418.18,46.34,109.59,0.82,-1,-1,-1
29,8,301.10,371.69,33.07,81.23,0.64,-1,-1,-1
29,10,322.15,371.17,37.37,75.82,0.64,-1,-1,-1
30,4,1157.21,417.18,47.39,112.08,0.82,-1,-1,-1
30,8,298.84,376.60,33.21,81.57,0.64,-1,-1,-1
30,10,320.45,377.52,36.41,73.87,0.64,-1,-1,-1
31,1,1227.75,419.60,53.81,109.70,0.82,-1,-1,-1
31,3,965.59,369.95,28.87,82.07,0.76,-1,-1,-1
31,4,1165.19,419.11,45.57,107.32,0.82,-1,-1,-1
31,8,296.19,386.47,32.12,79.67,0.71,-1,-1,-1
31,9,439.84,368.66,20.47,56.05,0.57,-1,-1,-1
31,10,321.47,386.82,37.83,77.38,0.71,-1,-1,-1
31,11,1022.09,352.30,24.14,60.60,0.76,-1,-1,-1
32,3,967.92,369.87,29.29,83.27,0.76,-1,-1,-1
32,4,1169.92,421.59,46.02,108.38,0.82,-1,-1,-1
32,8,294.20,382.14,31.89,79.11,0.71,-1,-1,-1
32,10,319.43,382.42,37.71,77.13,0.71,-1,-1,-1
33,3,968.35,362.25,29.95,85.13,0.76,-1,-1,-1
33,4,1175.16,414.27,46.93,110.52,0.82,-1,-1,-1
33,8,291.89,374.86,32.78,81.31,0.71,-1,-1,-1
33,10,317.40,375.49,38.59,78.93,0.71,-1,-1,-1
34,1,1240.88,422.55,49.31,103.19,0.71,-1,-1,-1
34,3,974.29,369.76,28.26,80.63,0.64,-1,-1,-1
34,4,1181.36,418.48,46.83,110.22,0.82,-1,-1,-1
34,8,290.25,385.47,31.74,79.55,0.76,-1,-1,-1
34,9,436.73,372.55,19.55,53.25,0.42,-1,-1,-1
34,10,317.37,386.08,37.92,78.77,0.71,-1,-1,-1
34,11,1030.97,347.92,24.99,62.28,0.76,-1,-1,-1
35,4,1187.58,417.71,47.78,112.46,0.82,-1,-1,-1
35,8,288.93,378.40,32.11,80.47,0.76,-1,-1,-1
35,10,316.07,379.13,38.20,79.35,0.71,-1,-1,-1
36,4,1194.25,416.58,49.20,115.80,0.82,-1,-1,-1
36,8,287.55,378.46,31.75,79.56,0.76,-1,-1,-1
36,10,314.66,378.63,38.48,79.94,0.71,-1,-1,-1
37,3,979.88,368.94,28.65,82.43,0.71,-1,-1,-1
37,4,1196.80,417.18,48.87,114.48,0.85,-1,-1,-1
37,8,281.53,374.94,31.65,79.31,0.64,-1,-1,-1
37,10,312.54,375.39,38.11,79.31,0.76,-1,-1,-1
37,11,1038.68,352.02,23.38,58.98,0.64,-1,-1,-1
38,4,1203.65,414.74,49.65,116.31,0.85,-1,-1,-1
38,8,279.35,374.90,32.02,80.22,0.64,-1,-1,-1
38,10,310.21,374.82,39.14,81.44,0.76,-1,-1,-1
39,4,1210.57,420.62,49.64,116.30,0.85,-1,-1,-1
39,8,278.27,370.00,32.35,81.06,0.64,-1,-1,-1
39,10,309.19,370.51,39.32,81.81,0.76,-1,-1,-1
40,3,991.31,363.49,30.09,86.47,0.76,-1,-1,-1
40,4,1221.41,418.41,50.46,118.88,0.85,-1,-1,-1
40,8,277.92,371.57,31.35,79.37,0.57,-1,-1,-1
40,10,310.71,371.90,37.62,79.67,0.71,-1,-1,-1
40,11,1050.72,342.34,26.04,65.19,0.71,-1,-1,-1
40,9,429.56,356.89,22.42,60.53,0.57,-1,-1,-1
41,3,994.28,365.61,30.51,87.69,0.76,-1,-1,-1
41,8,276.52,370.04,31.71,80.28,0.57,-1,-1,-1
41,10,309.42,370.57,38.06,80.62,0.71,-1,-1,-1
42,3,997.02,366.31,31.16,89.56,0.76,-1,-1,-1
42,8,274.84,371.21,31.83,80.58,0.57,-1,-1,-1
42,10,307.90,371.45,38.59,81.73,0.71,-1,-1,-1
43,3,999.86,365.39,31.33,88.79,0.76,-1,-1,-1
43,4,1235.41,429.82,48.64,116.71,0.82,-1,-1,-1
43,8,272.83,369.18,32.42,82.37,0.64,-1,-1,-1
43,10,306.60,369.49,38.23,82.66,0.57,-1,-1,-1
43,11,1061.53,339.17,27.07,67.22,0.76,-1,-1,-1
43,9,428.13,353.55,23.17,62.01,0.64,-1,-1,-1
44,3,1002.05,365.35,31.92,90.44,0.76,-1,-1,-1
44,8,270.76,370.54,32.80,83.32,0.64,-1,-1,-1
44,10,304.76,370.87,38.56,83.37,0.57,-1,-1,-1
45,3,1004.84,368.24,32.19,91.22,0.76,-1,-1,-1
45,8,268.91,367.99,33.41,84.86,0.64,-1,-1,-1
45,10,303.24,369.02,39.06,84.45,0.57,-1,-1,-1
46,3,1009.09,367.45,32.57,92.69,0.76,-1,-1,-1
46,8,267.79,368.22,32.48,83.65,0.64,-1,-1,-1
46,10,298.82,371.72,37.99,83.84,0.71,-1,-1,-1
46,11,1072.98,346.70,26.01,64.46,0.76,-1,-1,-1
46,9,428.16,357.35,22.46,59.13,0.64,-1,-1,-1
47,3,1011.66,368.78,32.75,93.20,0.76,-1,-1,-1
47,8,265.94,367.30,32.60,83.96,0.64,-1,-1,-1
47,10,297.06,370.76,38.35,84.63,0.71,-1,-1,-1
48,3,1013.27,368.94,33.58,95.56,0.76,-1,-1,-1
48,8,263.36,370.37,32.67,84.15,0.64,-1,-1,-1
48,10,295.08,374.01,38.26,84.43,0.71,-1,-1,-1
49,3,1019.29,379.41,32.48,91.25,0.76,-1,-1,-1
49,8,262.63,371.17,32.16,83.94,0.76,-1,-1,-1
49,10,297.62,380.72,33.54,74.75,0.71,-1,-1,-1
49,11,1081.06,355.11,24.29,59.72,0.76,-1,-1,-1
49,9,424.94,362.34,21.93,57.92,0.57,-1,-1,-1
50,3,1022.63,378.01,32.57,91.51,0.76,-1,-1,-1
50,10,296.09,379.84,33.98,75.73,0.71,-1,-1,-1
51,3,1025.42,380.39,32.67,91.78,0.76,-1,-1,-1
51,10,294.32,380.11,34.10,76.01,0.71,-1,-1,-1
52,3,1029.80,379.43,33.03,93.25,0.71,-1,-1,-1
52,8,261.47,370.41,32.80,87.05,0.71,-1,-1,-1
52,10,292.91,377.80,33.98,77.03,0.64,-1,-1,-1
52,11,1090.00,356.49,25.05,61.49,0.71,-1,-1,-1
52,9,423.63,364.17,22.11,57.45,0.64,-1,-1,-1
53,3,1032.52,380.27,33.32,94.06,0.71,-1,-1,-1
53,8,259.33,369.97,33.27,88.29,0.71,-1,-1,-1
53,10,290.93,377.83,34.18,77.49,0.64,-1,-1,-1
54,3,1035.10,379.73,33.76,95.30,0.71,-1,-1,-1
54,8,256.97,369.17,33.60,89.18,0.71,-1,-1,-1
54,10,288.74,377.43,34.30,77.77,0.64,-1,-1,-1
55,3,1038.59,374.58,36.56,103.66,0.82,-1,-1,-1
55,8,259.77,366.68,33.31,88.81,0.71,-1,-1,-1
55,10,283.37,373.19,36.66,84.25,0.76,-1,-1,-1
55,11,1099.89,356.96,25.34,62.09,0.76,-1,-1,-1
55,9,422.54,359.65,23.52,60.71,0.57,-1,-1,-1
56,3,1040.55,374.43,37.45,106.16,0.82,-1,-1,-1
56,8,256.94,366.19,33.91,90.42,0.71,-1,-1,-1
56,10,280.97,373.44,36.85,84.68,0.76,-1,-1,-1
57,3,1043.10,371.85,38.18,108.24,0.82,-1,-1,-1
57,8,254.42,364.88,34.54,92.09,0.71,-1,-1,-1
57,10,278.70,372.63,37.26,85.61,0.76,-1,-1,-1
58,3,1048.09,368.68,38.19,108.70,0.82,-1,-1,-1
58,8,252.99,367.93,33.09,89.59,0.76,-1,-1,-1
58,10,276.97,372.54,36.32,84.26,0.71,-1,-1,-1
58,11,1104.82,348.50,29.23,72.64,0.76,-1,-1,-1
58,9,418.75,357.97,24.14,61.90,0.64,-1,-1,-1
59,3,1050.80,367.44,39.23,111.66,0.82,-1,-1,-1
59,8,250.51,365.59,33.82,91.58,0.76,-1,-1,-1
59,10,275.01,371.26,36.39,84.41,0.71,-1,-1,-1
59,11,1107.14,347.99,29.47,73.25,0.76,-1,-1,-1
60,3,1053.16,366.92,39.51,112.45,0.82,-1,-1,-1
60,8,247.64,365.73,33.99,92.03,0.76,-1,-1,-1
60,10,272.43,371.66,36.64,85.00,0.71,-1,-1,-1
60,11,1108.80,347.76,29.54,73.42,0.76,-1,-1,-1
61,3,1055.29,368.68,38.79,110.82,0.71,-1,-1,-1
61,8,244.15,370.47,32.35,86.47,0.71,-1,-1,-1
61,10,271.24,375.77,35.90,84.04,0.71,-1,-1,-1
61,11,1112.63,349.30,27.29,67.65,0.71,-1,-1,-1
61,9,417.31,357.30,24.45,62.33,0.36,-1,-1,-1
62,3,1057.69,371.33,39.13,111.78,0.71,-1,-1,-1
62,8,241.10,366.35,32.92,87.99,0.71,-1,-1,-1
62,10,268.75,372.60,36.09,84.48,0.71,-1,-1,-1
62,11,1114.68,353.17,27.28,67.62,0.71,-1,-1,-1
63,3,1061.67,359.61,40.30,115.13,0.71,-1,-1,-1
63,8,239.85,378.69,32.93,88.01,0.71,-1,-1,-1
63,10,267.49,383.73,36.52,85.47,0.71,-1,-1,-1
63,11,1117.13,340.91,27.61,68.44,0.71,-1,-1,-1
64,3,1067.56,372.81,39.05,111.95,0.82,-1,-1,-1
64,8,240.63,367.95,31.77,84.90,0.64,-1,-1,-1
64,10,269.66,371.91,34.37,80.81,0.64,-1,-1,-1
64,11,1121.62,352.78,27.80,68.18,0.76,-1,-1,-1
64,9,413.05,355.35,25.34,65.86,0.57,-1,-1,-1
65,3,1068.88,369.21,39.50,113.24,0.82,-1,-1,-1
65,8,236.42,373.22,32.68,87.34,0.64,-1,-1,-1
65,10,266.08,377.18,35.07,82.44,0.64,-1,-1,-1
66,3,1072.64,365.08,40.69,116.64,0.82,-1,-1,-1
66,8,235.23,377.85,32.37,86.51,0.64,-1,-1,-1
66,10,265.67,381.70,34.65,81.45,0.64,-1,-1,-1
67,3,1078.99,382.46,38.39,108.90,0.82,-1,-1,-1
67,8,232.34,369.04,32.36,87.79,0.71,-1,-1,-1
67,10,262.27,375.68,34.49,82.61,0.64,-1,-1,-1
67,11,1131.04,355.45,26.40,64.63,0.82,-1,-1,-1
67,9,409.65,357.94,22.68,60.52,0.42,-1,-1,-1
67,12,191.63,371.46,31.02,82.86,0.71,-1,-1,-1
68,3,1081.33,375.89,39.39,111.74,0.82,-1,-1,-1
68,8,228.80,375.01,32.52,88.24,0.71,-1,-1,-1
68,10,258.86,381.29,34.71,83.13,0.64,-1,-1,-1
68,11,1131.90,348.91,26.68,65.32,0.82,-1,-1,-1
68,12,187.43,377.00,31.70,84.66,0.71,-1,-1,-1
69,3,1082.80,381.61,40.57,115.09,0.82,-1,-1,-1
69,8,225.42,370.87,32.77,88.92,0.71,-1,-1,-1
69,10,255.57,378.12,34.70,83.11,0.64,-1,-1,-1
69,11,1133.29,355.63,27.16,66.49,0.82,-1,-1,-1
69,12,183.37,370.95,32.64,87.18,0.71,-1,-1,-1
70,3,1085.48,379.41,40.40,114.36,0.82,-1,-1,-1
70,8,222.44,370.04,32.57,88.63,0.76,-1,-1,-1
70,10,252.56,377.63,34.55,83.33,0.71,-1,-1,-1
70,11,1134.36,354.28,27.61,66.94,0.76,-1,-1,-1
70,9,403.94,359.02,23.59,65.24,0.50,-1,-1,-1
70,12,189.54,366.42,32.62,87.49,0.18,-1,-1,-1
71,3,1086.70,380.51,41.30,116.90,0.82,-1,-1,-1
71,8,219.14,369.52,32.21,87.67,0.76,-1,-1,-1
72,3,1088.08,378.02,41.92,118.65,0.82,-1,-1,-1
72,8,215.60,371.62,32.28,87.85,0.76,-1,-1,-1
73,3,1091.30,383.65,40.19,113.14,0.85,-1,-1,-1
73,8,215.30,369.78,32.44,88.54,0.71,-1,-1,-1
73,10,247.19,374.48,34.29,83.30,0.71,-1,-1,-1
73,11,1138.01,357.72,27.67,67.45,0.82,-1,-1,-1
73,9,396.58,359.40,21.29,60.24,0.57,-1,-1,-1
73,12,191.74,366.53,31.07,84.13,0.18,-1,-1,-1
74,3,1093.10,381.58,40.52,114.07,0.85,-1,-1,-1
74,8,211.87,371.29,32.38,88.38,0.71,-1,-1,-1
74,10,243.91,375.63,34.30,83.33,0.71,-1,-1,-1
74,12,187.76,367.42,31.34,84.86,0.18,-1,-1,-1
75,3,1093.97,383.86,41.23,116.07,0.85,-1,-1,-1
75,8,207.88,371.40,32.37,88.35,0.71,-1,-1,-1
75,10,240.04,375.64,34.18,83.03,0.71,-1,-1,-1
75,12,183.18,366.54,31.71,85.86,0.18,-1,-1,-1
76,3,1099.50,386.86,40.57,115.04,0.85,-1,-1,-1
76,8,202.16,368.43,33.77,91.77,0.71,-1,-1,-1
76,10,236.96,376.55,34.09,83.35,0.76,-1,-1,-1
76,11,1143.13,357.37,26.38,64.22,0.76,-1,-1,-1
76,9,392.89,357.80,22.14,61.61,0.64,-1,-1,-1
76,12,185.31,366.25,25.74,69.38,0.11,-1,-1,-1
77,3,1100.92,388.15,40.71,115.46,0.85,-1,-1,-1
77,8,198.23,368.80,33.84,91.95,0.71,-1,-1,-1
77,10,233.18,377.41,33.75,82.53,0.76,-1,-1,-1
78,3,1102.29,388.55,41.02,116.32,0.85,-1,-1,-1
78,8,194.24,369.01,34.15,92.79,0.71,-1,-1,-1
78,10,229.14,378.09,33.73,82.48,0.76,-1,-1,-1
79,3,1105.34,388.63,41.48,115.27,0.82,-1,-1,-1
79,8,190.87,366.01,33.43,90.09,0.71,-1,-1,-1
79,10,225.65,372.65,35.31,86.30,0.76,-1,-1,-1
79,11,1144.05,358.94,27.13,66.39,0.64,-1,-1,-1
79,9,380.79,355.53,23.69,65.50,0.57,-1,-1,-1
79,12,186.55,358.66,20.50,54.40,0.03,-1,-1,-1
80,3,1106.49,387.41,41.95,116.59,0.82,-1,-1,-1
80,8,186.65,367.49,33.85,91.23,0.71,-1,-1,-1
80,10,221.37,374.57,35.42,86.57,0.76,-1,-1,-1
81,3,1107.34,387.30,42.28,117.50,0.82,-1,-1,-1
81,8,182.43,366.79,34.11,91.93,0.71,-1,-1,-1
81,10,217.11,374.28,35.44,86.61,0.76,-1,-1,-1
82,3,1109.99,390.40,43.09,119.01,0.89,-1,-1,-1
82,8,175.88,366.76,34.53,92.74,0.71,-1,-1,-1
82,10,212.06,375.94,34.80,84.62,0.76,-1,-1,-1
82,11,1144.32,359.51,27.31,67.17,0.71,-1,-1,-1
82,9,368.79,351.35,25.97,73.61,0.64,-1,-1,-1
82,12,190.07,356.75,12.97,33.85,0.02,-1,-1,-1
83,3,1110.70,390.11,43.76,120.85,0.89,-1,-1,-1
83,8,171.91,367.96,35.02,94.05,0.71,-1,-1,-1
83,10,207.20,377.28,35.19,85.58,0.76,-1,-1,-1
84,3,1111.46,388.78,44.76,123.63,0.89,-1,-1,-1
84,8,168.10,368.32,35.22,94.58,0.71,-1,-1,-1
84,10,202.61,377.58,35.68,86.76,0.76,-1,-1,-1
85,3,1111.40,391.20,44.39,120.90,0.85,-1,-1,-1
85,8,163.65,370.55,35.01,93.73,0.82,-1,-1,-1
85,10,196.01,379.11,35.96,87.44,0.76,-1,-1,-1
85,11,1143.98,356.31,27.75,67.45,0.71,-1,-1,-1
85,13,81.50,371.98,37.93,92.18,0.57,-1,-1,-1
85,14,312.10,374.57,22.08,66.29,0.76,-1,-1,-1
86,3,1112.17,390.04,45.53,123.99,0.85,-1,-1,-1
86,8,158.01,369.17,35.97,96.31,0.82,-1,-1,-1
86,10,191.15,379.52,36.37,88.43,0.76,-1,-1,-1
86,13,76.19,372.09,38.40,93.30,0.57,-1,-1,-1
87,3,1112.93,391.42,46.80,127.44,0.85,-1,-1,-1
87,8,153.17,369.96,36.19,96.90,0.82,-1,-1,-1
87,10,186.38,380.49,36.61,89.02,0.76,-1,-1,-1
87,13,70.84,372.95,38.40,93.31,0.57,-1,-1,-1
88,3,1116.81,391.46,47.45,128.42,0.85,-1,-1,-1
88,8,149.60,378.26,33.34,88.20,0.71,-1,-1,-1
88,10,183.30,383.72,36.03,88.51,0.76,-1,-1,-1
88,11,1141.57,358.47,25.21,60.73,0.50,-1,-1,-1
88,13,64.22,376.53,35.30,85.42,0.64,-1,-1,-1
88,14,314.33,374.96,22.31,67.07,0.15,-1,-1,-1
88,15,287.95,379.23,31.02,67.32,0.71,-1,-1,-1
88,9,348.94,363.24,24.03,65.33,0.71,-1,-1,-1
89,3,1117.84,393.25,48.21,130.47,0.85,-1,-1,-1
89,8,144.73,377.97,33.62,88.94,0.71,-1,-1,-1
89,10,178.61,383.42,36.31,89.19,0.76,-1,-1,-1
89,13,58.27,375.38,36.06,87.26,0.64,-1,-1,-1
89,15,283.47,379.15,31.40,68.15,0.71,-1,-1,-1
90,3,1119.14,395.04,48.51,131.27,0.85,-1,-1,-1
90,8,139.23,380.35,34.02,90.00,0.71,-1,-1,-1
90,10,173.83,386.46,36.36,89.32,0.76,-1,-1,-1
90,13,52.05,378.00,36.61,88.60,0.64,-1,-1,-1
90,15,278.95,382.13,31.57,68.51,0.71,-1,-1,-1
91,3,1125.22,395.64,48.53,130.57,0.85,-1,-1,-1
91,8,133.11,381.80,34.49,92.01,0.71,-1,-1,-1
91,10,169.18,387.32,35.02,85.56,0.76,-1,-1,-1
91,11,1137.26,357.53,23.04,54.50,0.64,-1,-1,-1
91,13,43.71,382.04,37.69,91.00,0.64,-1,-1,-1
91,14,316.49,371.13,27.58,83.20,0.64,-1,-1,-1
91,15,274.60,376.58,34.60,75.28,0.64,-1,-1,-1
91,9,336.20,360.98,26.38,73.78,0.57,-1,-1,-1
92,3,1126.99,397.83,48.82,131.36,0.85,-1,-1,-1
92,8,127.89,383.47,35.06,93.52,0.71,-1,-1,-1
92,10,164.42,389.66,35.20,86.02,0.76,-1,-1,-1
92,13,37.68,383.78,38.28,92.44,0.64,-1,-1,-1
92,14,312.24,372.72,28.01,84.50,0.64,-1,-1,-1
92,15,270.35,378.59,34.81,75.73,0.64,-1,-1,-1
93,3,1128.30,399.93,49.08,132.06,0.85,-1,-1,-1
93,8,122.25,384.24,35.48,94.65,0.71,-1,-1,-1
93,10,159.00,391.05,35.29,86.23,0.76,-1,-1,-1
93,13,31.29,384.85,38.61,93.23,0.64,-1,-1,-1
93,14,307.81,373.75,28.30,85.38,0.64,-1,-1,-1
93,15,265.59,379.70,35.18,76.56,0.64,-1,-1,-1
94,3,1131.68,400.48,49.36,131.09,0.82,-1,-1,-1
94,8,115.95,383.51,37.30,99.97,0.82,-1,-1,-1
94,10,155.43,392.39,37.31,90.62,0.76,-1,-1,-1
94,11,1134.06,357.18,25.15,59.55,0.71,-1,-1,-1
94,13,26.76,389.81,36.80,89.33,0.64,-1,-1,-1
94,14,306.35,380.23,27.40,82.65,0.64,-1,-1,-1
94,15,258.02,381.10,37.17,81.94,0.76,-1,-1,-1
95,3,1132.98,403.05,49.87,132.45,0.82,-1,-1,-1
95,8,110.30,382.90,37.96,101.75,0.82,-1,-1,-1
95,10,149.97,392.80,37.62,91.35,0.76,-1,-1,-1
95,13,20.03,389.44,37.60,91.27,0.64,-1,-1,-1
95,15,253.17,381.42,37.60,82.89,0.76,-1,-1,-1
96,3,1134.85,403.58,50.45,134.01,0.82,-1,-1,-1
96,8,104.87,384.88,38.43,103.00,0.82,-1,-1,-1
96,10,145.10,395.29,37.76,91.70,0.76,-1,-1,-1
96,13,14.01,392.43,37.70,91.53,0.64,-1,-1,-1
96,15,248.75,383.45,37.77,83.26,0.76,-1,-1,-1
97,3,1137.33,405.37,49.84,131.80,0.82,-1,-1,-1
97,8,103.81,389.85,36.33,97.09,0.76,-1,-1,-1
97,10,140.80,393.84,38.06,92.79,0.76,-1,-1,-1
97,11,1129.08,362.15,27.04,64.58,0.71,-1,-1,-1
97,13,7.91,386.84,40.60,99.20,0.36,-1,-1,-1
97,14,308.33,377.11,24.34,73.66,0.50,-1,-1,-1
97,15,244.95,387.46,36.77,81.40,0.76,-1,-1,-1
97,16,231.79,390.10,27.35,76.64,0.71,-1,-1,-1
98,3,1138.17,406.11,50.60,133.82,0.82,-1,-1,-1
98,8,97.98,392.40,36.73,98.15,0.76,-1,-1,-1
98,10,135.00,395.88,38.54,93.97,0.76,-1,-1,-1
98,13,1.53,388.88,41.06,100.33,0.36,-1,-1,-1
98,15,239.95,389.59,36.93,81.75,0.76,-1,-1,-1
99,3,1138.62,406.76,51.54,136.31,0.82,-1,-1,-1
99,8,92.22,390.88,37.00,98.87,0.76,-1,-1,-1
99,10,129.31,394.80,38.72,94.42,0.76,-1,-1,-1
99,15,234.77,388.25,37.43,82.87,0.76,-1,-1,-1
100,3,1141.53,408.39,51.72,135.63,0.85,-1,-1,-1
100,8,87.91,390.02,38.31,101.86,0.82,-1,-1,-1
100,10,121.62,397.70,39.10,93.89,0.82,-1,-1,-1
100,11,1123.59,370.72,28.12,66.51,0.82,-1,-1,-1
100,13,-5.46,388.53,41.49,102.76,0.18,-1,-1,-1
100,14,300.73,375.77,25.22,77.09,0.71,-1,-1,-1
100,15,232.99,390.55,36.31,80.78,0.82,-1,-1,-1
100,17,281.66,387.00,20.82,82.86,0.64,-1,-1,-1
101,3,1141.67,410.14,52.75,138.34,0.85,-1,-1,-1
101,8,81.92,388.51,38.56,102.54,0.82,-1,-1,-1
101,10,115.93,396.72,39.13,93.96,0.82,-1,-1,-1
101,15,227.51,389.19,36.88,82.05,0.82,-1,-1,-1
101,17,276.43,385.67,21.26,84.64,0.64,-1,-1,-1
102,3,1142.63,410.09,53.31,139.79,0.85,-1,-1,-1
102,8,75.97,389.26,38.84,103.29,0.82,-1,-1,-1
102,10,110.34,397.49,39.26,94.25,0.82,-1,-1,-1
102,15,222.25,389.87,37.38,83.14,0.82,-1,-1,-1
102,17,271.50,386.77,21.31,84.83,0.64,-1,-1,-1
103,3,1145.59,414.55,53.60,139.88,0.85,-1,-1,-1
103,8,69.99,395.42,37.24,97.77,0.76,-1,-1,-1
103,10,104.34,398.79,39.37,94.09,0.76,-1,-1,-1
103,11,1116.92,367.39,30.66,73.98,0.76,-1,-1,-1
103,15,218.50,394.48,36.23,80.46,0.71,-1,-1,-1
103,17,284.16,383.93,17.19,67.57,0.71,-1,-1,-1
104,3,1147.03,417.59,53.61,139.93,0.85,-1,-1,-1
104,8,63.29,392.77,37.99,99.74,0.76,-1,-1,-1
104,10,98.57,396.79,39.65,94.76,0.76,-1,-1,-1
104,11,1116.25,369.77,30.22,72.91,0.76,-1,-1,-1
104,15,212.97,393.03,36.74,81.57,0.71,-1,-1,-1
105,3,1148.55,417.88,53.84,140.51,0.85,-1,-1,-1
105,8,56.61,393.71,38.63,101.43,0.76,-1,-1,-1
105,10,92.69,398.53,39.89,95.33,0.76,-1,-1,-1
105,11,1115.35,369.49,29.90,72.14,0.76,-1,-1,-1
105,15,207.44,394.57,37.27,82.75,0.71,-1,-1,-1
106,3,1150.02,422.44,55.30,144.07,0.82,-1,-1,-1
106,8,48.32,390.82,39.26,102.71,0.71,-1,-1,-1
106,10,90.88,398.84,39.62,94.27,0.82,-1,-1,-1
106,11,1114.32,366.78,31.09,76.31,0.76,-1,-1,-1
106,15,196.06,391.11,37.16,83.26,0.76,-1,-1,-1
106,16,243.40,388.15,29.50,82.50,0.71,-1,-1,-1
107,3,1152.13,422.36,55.33,144.14,0.82,-1,-1,-1
107,8,41.86,390.21,40.16,105.07,0.71,-1,-1,-1
107,10,85.42,399.19,39.90,94.93,0.82,-1,-1,-1
107,11,1113.62,365.39,30.99,76.05,0.76,-1,-1,-1
107,15,190.70,391.72,37.46,83.93,0.76,-1,-1,-1
108,3,1153.54,425.24,55.33,144.13,0.82,-1,-1,-1
108,8,35.39,387.85,40.95,107.15,0.71,-1,-1,-1
108,10,79.52,397.73,40.14,95.51,0.82,-1,-1,-1
108,11,1112.86,367.42,30.86,75.73,0.76,-1,-1,-1
108,15,184.56,390.44,38.14,85.46,0.76,-1,-1,-1
109,3,1153.46,422.21,58.89,152.02,0.85,-1,-1,-1
109,8,29.70,387.77,41.22,107.87,0.76,-1,-1,-1
109,10,74.65,396.04,42.55,100.74,0.76,-1,-1,-1
109,11,1110.16,366.07,31.14,77.59,0.57,-1,-1,-1
109,15,180.52,389.93,37.33,84.41,0.71,-1,-1,-1
109,19,1016.71,344.53,19.35,58.00,0.64,-1,-1,-1
109,16,252.87,374.98,28.34,79.49,0.71,-1,-1,-1
110,3,1154.32,423.18,59.91,154.68,0.85,-1,-1,-1
110,8,22.53,385.17,42.24,110.54,0.76,-1,-1,-1
110,10,68.52,394.76,43.00,101.80,0.76,-1,-1,-1
110,11,1109.18,367.19,31.14,77.59,0.57,-1,-1,-1
110,15,174.25,389.05,37.63,85.10,0.71,-1,-1,-1
110,16,247.49,373.56,28.94,81.17,0.71,-1,-1,-1
111,3,1154.81,422.39,61.52,158.84,0.85,-1,-1,-1
111,8,15.35,383.96,43.51,113.85,0.76,-1,-1,-1
111,10,62.50,394.87,43.57,103.15,0.76,-1,-1,-1
111,11,1108.14,367.56,30.75,76.61,0.57,-1,-1,-1
111,15,168.09,389.56,37.94,85.78,0.71,-1,-1,-1
111,16,242.04,373.53,29.38,82.41,0.71,-1,-1,-1
112,3,1154.24,424.78,61.26,156.83,0.89,-1,-1,-1
112,8,12.70,387.70,41.51,107.29,0.64,-1,-1,-1
112,10,55.81,394.78,43.56,103.50,0.76,-1,-1,-1
112,11,1106.37,372.25,28.69,71.72,0.23,-1,-1,-1
112,15,162.20,394.06,35.77,81.36,0.71,-1,-1,-1
112,19,1015.35,346.16,20.44,61.26,0.06,-1,-1,-1
112,16,242.94,370.38,28.16,79.26,0.71,-1,-1,-1
113,3,1154.63,424.75,62.62,160.33,0.89,-1,-1,-1
113,8,4.96,387.44,42.43,109.65,0.64,-1,-1,-1
113,10,49.12,395.30,44.01,104.58,0.76,-1,-1,-1
113,15,155.44,394.84,36.08,82.06,0.71,-1,-1,-1
113,16,237.71,370.92,28.41,79.95,0.71,-1,-1,-1
114,3,1155.41,423.54,64.11,164.14,0.89,-1,-1,-1
114,10,42.31,395.60,44.49,105.72,0.76,-1,-1,-1
114,15,148.68,395.04,36.70,83.47,0.71,-1,-1,-1
114,16,232.40,370.81,28.71,80.82,0.71,-1,-1,-1
115,3,1157.29,425.45,62.66,159.19,0.89,-1,-1,-1
115,8,0.39,391.56,40.47,105.35,0.71,-1,-1,-1
115,10,35.24,394.38,43.89,104.66,0.76,-1,-1,-1
115,15,141.07,397.53,36.63,83.33,0.76,-1,-1,-1
115,19,1009.62,358.55,15.57,46.49,0.50,-1,-1,-1
115,16,228.45,370.52,28.99,82.14,0.71,-1,-1,-1
116,3,1158.42,425.72,64.07,162.77,0.89,-1,-1,-1
116,10,28.33,396.05,44.35,105.76,0.76,-1,-1,-1
116,15,134.03,399.24,37.30,84.86,0.76,-1,-1,-1
116,16,223.17,372.13,28.95,82.03,0.71,-1,-1,-1
117,3,1159.26,426.24,65.31,165.93,0.89,-1,-1,-1
117,10,21.59,395.68,44.78,106.80,0.76,-1,-1,-1
117,15,126.84,399.13,37.90,86.21,0.76,-1,-1,-1
117,16,217.73,371.72,29.17,82.65,0.71,-1,-1,-1
118,3,1163.50,429.10,65.76,165.76,0.89,-1,-1,-1
118,8,-9.49,393.02,37.84,104.54,0.71,-1,-1,-1
118,10,14.31,394.20,43.63,105.27,0.71,-1,-1,-1
118,15,116.11,397.58,38.24,87.36,0.82,-1,-1,-1
118,16,209.47,374.18,29.11,83.04,0.71,-1,-1,-1
118,23,94.34,403.57,28.82,80.79,0.71,-1,-1,-1
119,3,1164.83,430.23,66.61,167.90,0.89,-1,-1,-1
119,10,7.51,394.94,44.07,106.33,0.71,-1,-1,-1
119,15,109.19,398.89,38.56,88.08,0.82,-1,-1,-1
119,16,204.40,374.91,29.33,83.66,0.71,-1,-1,-1
120,3,1166.39,431.06,66.92,168.70,0.89,-1,-1,-1
120,10,0.23,394.68,44.81,108.11,0.71,-1,-1,-1
120,15,101.94,400.46,38.63,88.23,0.82,-1,-1,-1
120,16,198.95,375.74,29.34,83.71,0.71,-1,-1,-1
121,3,1169.14,433.98,67.03,167.75,0.89,-1,-1,-1
121,10,0.10,400.49,42.49,104.68,0.57,-1,-1,-1
121,15,96.62,400.76,38.59,88.51,0.76,-1,-1,-1
121,16,191.61,375.81,29.37,83.43,0.71,-1,-1,-1
121,23,86.40,384.31,29.29,82.33,0.50,-1,-1,-1
122,3,1171.41,434.93,67.72,169.47,0.89,-1,-1,-1
122,15,89.69,402.48,38.72,88.79,0.76,-1,-1,-1
122,16,186.38,376.43,29.65,84.21,0.71,-1,-1,-1
123,3,1173.30,436.60,68.49,171.40,0.89,-1,-1,-1
123,15,82.91,404.01,38.98,89.39,0.76,-1,-1,-1
123,16,181.08,377.42,29.77,84.57,0.71,-1,-1,-1
124,3,1176.32,434.51,70.82,178.12,0.85,-1,-1,-1
124,10,-8.18,401.23,41.93,107.77,0.71,-1,-1,-1
124,15,74.79,402.24,41.52,95.43,0.71,-1,-1,-1
124,16,174.23,376.80,29.89,83.61,0.64,-1,-1,-1
124,23,95.39,373.34,21.37,59.36,0.57,-1,-1,-1
125,3,1178.64,434.52,72.15,181.46,0.85,-1,-1,-1
125,15,67.73,402.51,42.07,96.69,0.71,-1,-1,-1
125,16,168.89,376.91,30.07,84.12,0.64,-1,-1,-1
126,3,1180.99,435.45,73.65,185.23,0.85,-1,-1,-1
126,15,60.55,403.60,42.53,97.76,0.71,-1,-1,-1
126,16,163.49,377.83,30.34,84.88,0.64,-1,-1,-1
127,3,1181.97,435.98,73.59,186.28,0.89,-1,-1,-1
127,10,-6.87,409.85,33.52,85.45,0.64,-1,-1,-1
127,15,54.73,408.75,40.50,92.57,0.71,-1,-1,-1
127,16,157.01,378.93,31.03,86.89,0.57,-1,-1,-1
127,28,103.37,395.28,37.68,107.71,0.71,-1,-1,-1
127,29,1153.59,371.98,27.31,81.82,0.50,-1,-1,-1
128,3,1183.88,436.74,74.79,189.33,0.89,-1,-1,-1
128,15,46.74,408.61,41.44,94.72,0.71,-1,-1,-1
128,16,151.11,378.66,31.43,87.99,0.57,-1,-1,-1
128,28,96.27,395.63,38.01,108.64,0.71,-1,-1,-1
128,29,1151.99,371.94,27.46,82.27,0.50,-1,-1,-1
129,3,1185.94,437.07,76.35,193.29,0.89,-1,-1,-1
129,15,38.92,409.33,42.62,97.43,0.71,-1,-1,-1
129,16,145.69,379.19,31.79,89.01,0.57,-1,-1,-1
129,28,89.69,397.14,38.13,108.99,0.71,-1,-1,-1
129,29,1150.37,371.48,27.72,83.07,0.50,-1,-1,-1
130,3,1190.26,442.74,74.86,189.72,0.89,-1,-1,-1
130,10,-8.92,415.16,33.22,87.04,0.64,-1,-1,-1
130,15,29.01,408.27,42.73,97.93,0.82,-1,-1,-1
130,16,138.21,389.11,29.56,82.10,0.57,-1,-1,-1
130,28,79.52,399.87,37.97,108.64,0.76,-1,-1,-1
130,29,1147.56,372.32,27.70,82.80,0.76,-1,-1,-1
130,30,8.31,413.92,31.02,82.86,0.50,-1,-1,-1
131,3,1192.91,443.99,75.38,191.04,0.89,-1,-1,-1
131,15,20.95,408.52,43.58,99.87,0.82,-1,-1,-1
131,16,132.37,389.06,29.75,82.63,0.57,-1,-1,-1
131,28,72.56,400.38,38.21,109.33,0.76,-1,-1,-1
131,29,1145.77,372.40,27.77,83.00,0.76,-1,-1,-1
132,3,1196.14,445.34,75.87,192.28,0.89,-1,-1,-1
132,15,12.74,409.38,44.29,101.50,0.82,-1,-1,-1
132,16,126.67,389.61,29.84,82.88,0.57,-1,-1,-1
132,28,65.43,400.89,38.77,110.92,0.76,-1,-1,-1
132,29,1144.32,371.78,27.99,83.65,0.76,-1,-1,-1
133,3,1199.15,446.14,77.44,196.24,0.89,-1,-1,-1
133,10,-11.02,409.87,33.83,94.47,0.50,-1,-1,-1
133,15,5.87,410.96,43.16,99.99,0.76,-1,-1,-1
133,16,119.32,390.52,31.34,86.20,0.50,-1,-1,-1
133,28,51.72,407.10,37.06,105.61,0.76,-1,-1,-1
133,29,1145.11,372.54,27.88,83.04,0.71,-1,-1,-1
134,16,113.43,392.03,31.29,86.07,0.50,-1,-1,-1
134,28,43.55,408.25,37.84,107.82,0.76,-1,-1,-1
135,16,107.59,392.53,31.40,86.36,0.50,-1,-1,-1
135,28,35.40,408.46,38.50,109.70,0.76,-1,-1,-1
136,3,1204.60,453.06,77.81,198.18,0.89,-1,-1,-1
136,15,-7.97,413.56,42.72,103.02,0.76,-1,-1,-1
136,16,102.71,391.16,31.48,87.73,0.71,-1,-1,-1
136,28,25.18,409.57,39.46,112.30,0.82,-1,-1,-1
136,29,1141.43,372.57,27.96,82.93,0.64,-1,-1,-1
137,16,97.34,391.99,31.50,87.81,0.71,-1,-1,-1
137,28,17.38,409.31,40.64,115.67,0.82,-1,-1,-1
138,16,91.58,391.38,31.73,88.44,0.71,-1,-1,-1
138,28,9.53,409.29,41.15,117.10,0.82,-1,-1,-1
139,3,1211.36,460.71,74.87,195.42,0.85,-1,-1,-1
139,16,84.77,383.15,35.08,97.93,0.64,-1,-1,-1
139,28,1.69,400.90,43.74,124.66,0.76,-1,-1,-1
139,29,1133.39,374.43,26.91,79.17,0.71,-1,-1,-1
139,17,335.03,351.68,13.47,51.81,0.64,-1,-1,-1
140,16,79.60,383.59,35.24,98.38,0.64,-1,-1,-1
141,16,74.90,384.29,35.44,98.95,0.64,-1,-1,-1
142,3,1215.54,460.20,76.80,207.65,0.64,-1,-1,-1
142,16,65.55,382.98,36.63,102.41,0.02,-1,-1,-1
142,29,1130.68,371.34,26.71,77.86,0.64,-1,-1,-1
142,31,1040.67,374.05,23.22,69.39,0.71,-1,-1,-1
143,16,60.37,380.82,36.98,103.41,0.02,-1,-1,-1
144,16,54.49,381.90,37.29,104.27,0.02,-1,-1,-1
145,3,1217.24,453.37,83.72,238.54,0.64,-1,-1,-1
145,16,49.10,388.53,34.58,98.21,0.57,-1,-1,-1
145,29,1126.19,381.19,26.83,77.45,0.64,-1,-1,-1
145,31,1029.84,368.67,26.68,80.14,0.76,-1,-1,-1
146,16,43.86,388.59,34.88,99.08,0.57,-1,-1,-1
146,29,1125.24,381.02,26.80,77.37,0.64,-1,-1,-1
146,31,1027.85,368.41,26.63,79.99,0.76,-1,-1,-1
147,16,37.82,389.14,35.18,99.93,0.57,-1,-1,-1
147,29,1123.26,382.93,26.97,77.85,0.64,-1,-1,-1
147,31,1024.59,370.20,26.74,80.30,0.76,-1,-1,-1
148,16,28.59,385.46,35.72,102.50,0.29,-1,-1,-1
148,29,1120.45,378.09,27.02,77.27,0.64,-1,-1,-1
148,31,1021.88,368.93,26.82,80.09,0.71,-1,-1,-1
149,16,22.01,386.36,36.25,104.03,0.29,-1,-1,-1
150,16,15.86,386.36,36.51,104.79,0.29,-1,-1,-1
151,16,11.54,390.50,34.50,98.22,0.23,-1,-1,-1
151,29,1115.58,383.34,27.29,77.31,0.71,-1,-1,-1
151,31,1012.97,373.05,27.09,79.16,0.76,-1,-1,-1
152,16,4.96,391.05,34.92,99.41,0.23,-1,-1,-1
152,31,1009.76,372.55,27.11,79.23,0.76,-1,-1,-1
153,31,1005.89,371.41,27.41,80.11,0.76,-1,-1,-1
154,16,-2.90,390.72,36.56,105.55,0.42,-1,-1,-1
154,29,1110.01,376.49,28.31,80.87,0.64,-1,-1,-1
154,31,1000.77,370.72,27.51,79.13,0.76,-1,-1,-1
155,29,1107.83,375.19,28.27,80.73,0.64,-1,-1,-1
156,29,1105.43,375.48,28.12,80.32,0.64,-1,-1,-1
157,29,1105.21,382.06,25.42,72.09,0.05,-1,-1,-1
157,31,987.22,368.22,28.94,82.17,0.82,-1,-1,-1
158,31,984.12,368.21,29.21,82.93,0.82,-1,-1,-1
159,31,981.17,366.70,29.04,82.47,0.82,-1,-1,-1
160,31,974.32,367.24,29.11,83.17,0.76,-1,-1,-1
163,31,964.67,368.72,28.59,80.07,0.71,-1,-1,-1
164,31,962.10,368.33,28.60,80.10,0.71,-1,-1,-1
165,31,958.91,367.86,28.59,80.05,0.71,-1,-1,-1
166,31,953.02,365.85,28.40,78.91,0.76,-1,-1,-1
166,35,233.47,361.62,23.98,52.82,0.71,-1,-1,-1
169,31,946.54,359.62,29.50,81.75,0.71,-1,-1,-1
169,35,227.91,362.03,23.66,52.00,0.57,-1,-1,-1
170,31,944.62,359.44,29.54,81.87,0.71,-1,-1,-1
171,31,942.48,359.99,29.61,82.06,0.71,-1,-1,-1
172,31,936.08,359.04,30.98,85.98,0.76,-1,-1,-1
172,35,217.11,360.10,25.26,55.86,0.71,-1,-1,-1
173,31,934.14,359.51,31.08,86.24,0.76,-1,-1,-1
174,31,932.75,359.71,30.91,85.80,0.76,-1,-1,-1
175,31,929.12,357.51,31.22,84.36,0.76,-1,-1,-1
175,35,201.86,357.63,27.23,60.81,0.71,-1,-1,-1
176,31,927.40,358.44,31.04,83.90,0.76,-1,-1,-1
177,31,925.62,358.95,31.00,83.79,0.76,-1,-1,-1
178,31,920.00,363.33,31.73,83.70,0.71,-1,-1,-1
178,35,193.92,362.12,26.41,58.94,0.64,-1,-1,-1
179,31,918.43,363.58,31.87,84.07,0.71,-1,-1,-1
180,31,916.67,364.11,32.06,84.57,0.71,-1,-1,-1
181,31,915.56,356.16,33.86,90.08,0.76,-1,-1,-1
181,35,185.12,362.15,24.52,54.38,0.71,-1,-1,-1
181,29,1075.24,385.47,24.07,67.46,0.71,-1,-1,-1
182,31,914.24,355.66,34.31,91.27,0.76,-1,-1,-1
183,31,912.58,355.56,34.70,92.31,0.76,-1,-1,-1
184,31,908.59,357.50,33.27,89.89,0.85,-1,-1,-1
184,35,178.08,364.00,25.40,56.31,0.64,-1,-1,-1
184,29,1072.19,376.38,28.11,78.29,0.82,-1,-1,-1
185,31,907.04,357.05,33.69,91.02,0.85,-1,-1,-1
185,29,1072.25,376.79,27.99,77.97,0.82,-1,-1,-1
186,31,905.99,356.94,33.79,91.28,0.85,-1,-1,-1
186,29,1072.33,376.78,27.94,77.82,0.82,-1,-1,-1
187,31,902.83,358.21,33.01,89.48,0.82,-1,-1,-1
187,35,168.64,368.12,26.03,56.95,0.64,-1,-1,-1
187,29,1072.17,381.50,26.65,72.02,0.71,-1,-1,-1
188,31,901.69,358.82,33.12,89.76,0.82,-1,-1,-1
189,31,900.69,358.72,33.34,90.38,0.82,-1,-1,-1
190,31,898.16,363.47,31.81,86.12,0.76,-1,-1,-1
190,35,158.61,369.65,26.12,57.16,0.64,-1,-1,-1
190,29,1070.74,375.47,29.91,79.32,0.71,-1,-1,-1
191,31,897.08,363.41,31.97,86.54,0.76,-1,-1,-1
191,29,1070.99,375.01,30.14,79.92,0.71,-1,-1,-1
192,31,896.11,362.83,32.13,86.99,0.76,-1,-1,-1
192,29,1071.39,374.23,30.41,80.63,0.71,-1,-1,-1
193,31,893.34,368.82,31.35,84.77,0.76,-1,-1,-1
193,35,151.05,371.91,27.55,60.68,0.64,-1,-1,-1
193,29,1073.18,376.47,31.43,82.11,0.71,-1,-1,-1
194,29,1073.75,376.74,31.61,82.58,0.71,-1,-1,-1
195,29,1074.38,376.95,31.64,82.65,0.71,-1,-1,-1
196,31,891.89,366.24,32.46,87.05,0.82,-1,-1,-1
196,35,142.63,377.78,26.20,58.60,0.71,-1,-1,-1
196,29,1074.44,374.00,32.23,83.14,0.71,-1,-1,-1
197,29,1075.18,374.14,32.22,83.12,0.71,-1,-1,-1
198,29,1076.20,373.72,32.40,83.58,0.71,-1,-1,-1
199,31,888.10,361.87,33.04,87.90,0.76,-1,-1,-1
199,35,136.50,383.50,25.41,57.70,0.57,-1,-1,-1
199,29,1077.92,371.19,33.38,86.76,0.71,-1,-1,-1
200,31,887.63,361.85,32.92,87.57,0.76,-1,-1,-1
200,29,1079.02,369.86,33.78,87.79,0.71,-1,-1,-1
201,31,887.20,362.01,32.76,87.14,0.76,-1,-1,-1
201,29,1080.08,368.54,34.23,88.98,0.71,-1,-1,-1
202,31,886.52,360.50,32.90,87.94,0.76,-1,-1,-1
202,35,127.08,380.37,26.24,60.80,0.64,-1,-1,-1
202,29,1084.77,378.87,29.79,76.21,0.71,-1,-1,-1
203,31,885.94,360.87,32.80,87.66,0.76,-1,-1,-1
203,29,1085.77,378.07,30.34,77.61,0.71,-1,-1,-1
204,31,885.57,361.00,32.86,87.82,0.76,-1,-1,-1
204,29,1087.23,377.52,30.81,78.82,0.71,-1,-1,-1
205,31,880.27,364.48,31.87,85.17,0.76,-1,-1,-1
205,35,117.20,382.55,26.21,61.93,0.71,-1,-1,-1
205,29,1086.15,369.73,32.32,84.29,0.71,-1,-1,-1
206,31,879.79,364.50,32.15,85.91,0.76,-1,-1,-1
206,29,1087.81,370.91,32.22,84.05,0.71,-1,-1,-1
207,31,879.07,365.33,32.45,86.72,0.76,-1,-1,-1
207,29,1089.29,372.83,32.21,84.00,0.71,-1,-1,-1
208,31,877.26,364.80,32.58,87.42,0.82,-1,-1,-1
208,35,109.40,381.65,28.03,65.72,0.71,-1,-1,-1
208,29,1090.37,371.61,32.07,83.79,0.64,-1,-1,-1
209,31,876.83,364.81,32.82,88.07,0.82,-1,-1,-1
209,29,1092.03,372.05,32.20,84.12,0.64,-1,-1,-1
210,31,876.61,364.97,33.04,88.67,0.82,-1,-1,-1
210,29,1094.05,372.09,32.35,84.51,0.64,-1,-1,-1
211,31,876.39,365.03,32.76,88.25,0.76,-1,-1,-1
211,35,104.92,387.90,25.47,60.51,0.64,-1,-1,-1
211,29,1095.11,370.58,33.07,86.90,0.71,-1,-1,-1
212,35,102.80,387.90,25.56,60.71,0.64,-1,-1,-1
212,29,1097.26,370.12,33.50,88.03,0.71,-1,-1,-1
213,35,100.75,388.82,25.67,60.96,0.64,-1,-1,-1
213,29,1099.72,370.41,33.80,88.82,0.71,-1,-1,-1
214,31,876.77,364.83,32.64,88.27,0.76,-1,-1,-1
214,35,95.78,390.71,24.39,58.60,0.64,-1,-1,-1
214,29,1103.48,369.66,33.89,88.52,0.64,-1,-1,-1
215,31,877.34,365.22,32.76,88.58,0.76,-1,-1,-1
215,29,1106.30,370.19,34.14,89.19,0.64,-1,-1,-1
216,31,878.20,366.08,32.80,88.68,0.76,-1,-1,-1
216,29,1109.34,369.99,34.45,89.98,0.64,-1,-1,-1
217,31,883.11,366.58,33.60,91.52,0.76,-1,-1,-1
217,35,95.84,387.88,26.66,64.46,0.64,-1,-1,-1
217,29,1116.75,375.78,34.26,88.99,0.71,-1,-1,-1
218,31,884.16,366.39,33.74,91.91,0.76,-1,-1,-1
218,35,94.02,387.67,26.67,64.50,0.64,-1,-1,-1
218,29,1120.44,375.86,34.39,89.34,0.71,-1,-1,-1
219,31,885.34,366.34,33.74,91.92,0.76,-1,-1,-1
219,35,92.68,387.69,26.81,64.82,0.64,-1,-1,-1
219,29,1124.33,376.44,34.06,88.47,0.71,-1,-1,-1
220,31,886.66,365.31,32.91,89.90,0.82,-1,-1,-1
220,35,88.75,387.25,26.97,66.61,0.50,-1,-1,-1
220,29,1126.20,378.39,33.98,88.80,0.76,-1,-1,-1
221,31,887.83,365.53,33.00,90.15,0.82,-1,-1,-1
221,35,87.31,386.32,27.13,66.99,0.50,-1,-1,-1
221,29,1130.34,379.35,33.88,88.54,0.76,-1,-1,-1
222,31,889.09,363.77,33.38,91.19,0.82,-1,-1,-1
222,35,85.86,386.54,27.19,67.14,0.50,-1,-1,-1
222,29,1134.66,377.36,33.97,88.78,0.76,-1,-1,-1
223,31,890.54,366.32,34.76,92.50,0.82,-1,-1,-1
223,35,83.37,385.02,26.15,64.43,0.50,-1,-1,-1
223,29,1139.47,373.23,34.54,88.80,0.64,-1,-1,-1
224,31,891.87,365.32,35.14,93.51,0.82,-1,-1,-1
224,35,82.01,386.50,26.29,64.78,0.50,-1,-1,-1
224,29,1143.86,371.49,34.93,89.82,0.64,-1,-1,-1
225,31,892.98,365.42,35.33,94.00,0.82,-1,-1,-1
225,35,80.61,386.45,26.34,64.90,0.50,-1,-1,-1
225,29,1147.93,371.45,35.21,90.52,0.64,-1,-1,-1
226,31,896.29,365.20,33.83,90.42,0.82,-1,-1,-1
226,35,80.41,387.90,27.66,69.74,0.71,-1,-1,-1
226,29,1154.94,375.21,34.11,85.95,0.64,-1,-1,-1
227,31,897.51,365.65,34.04,90.98,0.82,-1,-1,-1
227,35,78.99,387.75,27.89,70.32,0.71,-1,-1,-1
227,29,1159.04,375.38,34.55,87.04,0.64,-1,-1,-1
228,31,899.07,365.56,34.18,91.35,0.82,-1,-1,-1
228,35,77.60,389.10,27.90,70.34,0.71,-1,-1,-1
228,29,1163.94,374.86,34.75,87.55,0.64,-1,-1,-1
229,31,898.50,366.63,34.34,92.50,0.76,-1,-1,-1
229,35,76.30,388.58,28.33,71.97,0.64,-1,-1,-1
229,29,1170.75,378.28,34.92,87.74,0.50,-1,-1,-1
230,31,900.44,366.39,34.36,92.57,0.76,-1,-1,-1
230,35,75.27,389.36,28.44,72.24,0.64,-1,-1,-1
230,29,1176.48,377.51,35.13,88.29,0.50,-1,-1,-1
231,31,901.97,367.67,34.37,92.60,0.76,-1,-1,-1
231,35,74.07,388.64,28.48,72.35,0.64,-1,-1,-1
231,29,1181.71,379.80,35.12,88.25,0.50,-1,-1,-1
232,31,902.86,370.31,34.37,93.26,0.76,-1,-1,-1
232,35,69.94,395.01,25.97,66.73,0.57,-1,-1,-1
232,29,1186.37,374.91,36.68,91.41,0.64,-1,-1,-1
233,31,904.54,369.36,34.84,94.55,0.76,-1,-1,-1
233,29,1192.06,374.47,36.85,91.84,0.64,-1,-1,-1
234,31,906.47,368.94,35.19,95.49,0.76,-1,-1,-1
234,29,1198.31,373.60,37.21,92.73,0.64,-1,-1,-1
235,31,907.81,368.30,34.77,93.99,0.76,-1,-1,-1
235,35,68.26,397.76,25.01,63.91,0.50,-1,-1,-1
235,29,1209.32,371.49,36.20,90.04,0.57,-1,-1,-1
236,29,1215.61,370.25,36.68,91.25,0.57,-1,-1,-1
237,29,1221.93,369.29,37.06,92.20,0.57,-1,-1,-1
238,31,915.64,367.76,35.19,93.69,0.76,-1,-1,-1
238,35,65.68,393.53,29.10,73.22,0.50,-1,-1,-1
238,29,1226.97,365.12,39.85,99.16,0.76,-1,-1,-1
239,31,918.37,366.60,35.84,95.44,0.76,-1,-1,-1
239,35,65.35,392.40,29.27,73.66,0.50,-1,-1,-1
239,29,1233.77,364.47,40.31,100.32,0.76,-1,-1,-1
240,31,921.10,365.57,36.20,96.40,0.76,-1,-1,-1
240,35,64.93,392.49,29.37,73.91,0.50,-1,-1,-1
241,31,926.58,367.28,35.06,94.14,0.76,-1,-1,-1
241,35,64.14,392.07,30.82,76.52,0.57,-1,-1,-1
241,29,1242.45,366.08,37.29,96.00,0.50,-1,-1,-1
242,31,929.75,367.07,35.55,95.44,0.76,-1,-1,-1
243,31,933.11,367.10,35.64,95.68,0.76,-1,-1,-1
244,31,934.68,367.36,34.76,94.05,0.76,-1,-1,-1
244,35,64.01,391.43,31.74,77.80,0.71,-1,-1,-1
245,31,938.35,368.70,34.71,93.92,0.76,-1,-1,-1
245,35,64.17,391.45,32.16,78.84,0.71,-1,-1,-1
246,31,942.12,369.32,34.66,93.77,0.76,-1,-1,-1
246,35,64.38,391.76,32.21,78.95,0.71,-1,-1,-1
247,31,946.81,370.85,36.47,100.05,0.82,-1,-1,-1
247,35,64.46,389.80,31.33,75.48,0.64,-1,-1,-1
248,31,950.76,370.70,36.81,100.96,0.82,-1,-1,-1
248,35,64.86,390.13,31.44,75.73,0.64,-1,-1,-1
249,31,954.92,370.23,37.15,101.92,0.82,-1,-1,-1
249,35,65.70,391.30,31.49,75.86,0.64,-1,-1,-1
250,31,957.60,367.10,38.46,106.16,0.82,-1,-1,-1
250,35,64.93,392.49,31.28,74.19,0.50,-1,-1,-1
251,31,961.70,367.11,38.98,107.60,0.82,-1,-1,-1
252,31,966.43,366.66,39.26,108.37,0.82,-1,-1,-1
253,31,972.26,363.93,38.21,105.74,0.85,-1,-1,-1
253,35,71.68,394.86,31.83,76.77,0.50,-1,-1,-1
254,31,977.02,362.95,38.73,107.16,0.85,-1,-1,-1
254,35,72.92,394.84,31.96,77.10,0.50,-1,-1,-1
255,31,982.20,362.49,39.05,108.04,0.85,-1,-1,-1
255,35,74.59,396.85,31.98,77.15,0.50,-1,-1,-1
256,31,982.01,361.01,38.29,108.58,0.76,-1,-1,-1
256,35,74.95,396.31,31.80,77.87,0.64,-1,-1,-1
257,31,987.36,360.08,38.29,108.58,0.76,-1,-1,-1
257,35,76.63,396.19,31.89,78.10,0.64,-1,-1,-1
258,31,993.48,359.99,38.03,107.84,0.76,-1,-1,-1
258,35,78.51,397.08,31.95,78.25,0.64,-1,-1,-1
259,31,998.97,361.41,37.72,105.97,0.76,-1,-1,-1
259,35,80.37,401.13,30.39,75.13,0.64,-1,-1,-1
260,31,1006.12,362.83,37.57,105.54,0.76,-1,-1,-1
260,35,81.93,401.71,30.53,75.49,0.64,-1,-1,-1
261,31,1013.68,362.26,37.39,105.04,0.76,-1,-1,-1
261,35,83.70,401.64,30.82,76.19,0.64,-1,-1,-1
262,31,1015.03,363.63,40.02,107.78,0.50,-1,-1,-1
262,35,89.23,403.19,29.66,73.97,0.50,-1,-1,-1
262,36,9.27,412.89,10.46,62.14,0.64,-1,-1,-1
263,31,1022.52,364.44,40.09,107.97,0.50,-1,-1,-1
263,35,90.76,403.35,29.85,74.44,0.50,-1,-1,-1
264,31,1030.85,365.07,40.19,108.25,0.50,-1,-1,-1
264,35,92.47,403.31,29.94,74.68,0.50,-1,-1,-1
265,31,1035.64,376.11,38.80,98.93,0.42,-1,-1,-1
265,35,95.72,402.38,30.34,76.62,0.57,-1,-1,-1
265,36,6.95,413.69,10.71,62.14,0.57,-1,-1,-1
266,31,1043.41,377.99,38.44,98.00,0.42,-1,-1,-1
266,35,97.50,402.21,30.51,77.05,0.57,-1,-1,-1
267,31,1051.41,377.23,39.45,100.59,0.42,-1,-1,-1
267,35,99.21,402.53,30.66,77.43,0.57,-1,-1,-1
268,31,1059.08,372.52,41.45,105.88,0.05,-1,-1,-1
268,35,95.70,402.02,30.02,77.64,0.50,-1,-1,-1
268,36,5.06,413.95,11.00,62.14,0.50,-1,-1,-1
269,31,1068.41,376.84,41.62,106.32,0.05,-1,-1,-1
270,31,1079.16,377.26,41.42,105.81,0.05,-1,-1,-1
271,35,101.61,401.68,29.41,77.92,0.42,-1,-1,-1
271,36,11.34,410.13,13.03,69.91,0.57,-1,-1,-1
274,35,110.28,398.11,29.99,78.00,0.71,-1,-1,-1
274,36,16.73,405.36,14.05,72.43,0.64,-1,-1,-1
274,31,1084.29,390.82,51.36,131.77,0.82,-1,-1,-1
275,35,112.20,399.13,30.09,78.25,0.71,-1,-1,-1
275,31,1096.84,390.90,51.82,132.96,0.82,-1,-1,-1
276,35,113.87,398.85,30.17,78.45,0.71,-1,-1,-1
276,31,1107.53,392.24,53.38,136.94,0.82,-1,-1,-1
277,35,117.08,398.46,31.25,81.43,0.64,-1,-1,-1
277,36,22.51,407.07,13.91,66.25,0.71,-1,-1,-1
277,38,735.90,338.84,25.84,67.32,0.50,-1,-1,-1
277,31,1110.33,397.92,53.93,138.91,0.76,-1,-1,-1
278,35,118.65,399.10,31.28,81.50,0.64,-1,-1,-1
278,31,1120.94,398.86,54.95,141.52,0.76,-1,-1,-1
279,35,120.39,398.94,31.61,82.36,0.64,-1,-1,-1
279,31,1132.65,400.61,55.26,142.33,0.76,-1,-1,-1
280,35,120.30,400.50,30.67,79.66,0.57,-1,-1,-1
280,36,23.23,402.44,16.48,74.54,0.64,-1,-1,-1
280,38,741.38,338.84,26.04,67.32,0.42,-1,-1,-1
280,31,1136.89,403.06,61.58,157.11,0.76,-1,-1,-1
281,35,121.99,401.67,30.98,80.46,0.57,-1,-1,-1
281,31,1148.11,401.21,63.43,161.82,0.76,-1,-1,-1
282,35,123.67,401.73,31.01,80.53,0.57,-1,-1,-1
282,31,1158.95,400.68,65.33,166.67,0.76,-1,-1,-1
283,35,124.10,403.01,31.93,82.09,0.64,-1,-1,-1
283,36,30.23,409.25,17.34,73.97,0.64,-1,-1,-1
283,38,744.83,342.86,22.89,59.26,0.29,-1,-1,-1
283,31,1175.46,405.65,64.23,163.00,0.85,-1,-1,-1
284,35,125.88,404.03,32.05,82.42,0.64,-1,-1,-1
284,31,1187.38,405.20,66.15,167.89,0.85,-1,-1,-1
285,35,127.68,404.49,32.26,82.96,0.64,-1,-1,-1
285,31,1199.33,404.49,68.14,172.93,0.85,-1,-1,-1
286,35,128.86,403.98,32.21,83.04,0.57,-1,-1,-1
286,36,29.37,412.17,17.88,73.58,0.57,-1,-1,-1
286,31,1209.47,410.41,65.19,169.50,0.85,-1,-1,-1
287,35,130.19,404.68,32.44,83.63,0.57,-1,-1,-1
288,35,131.75,404.83,32.56,83.93,0.57,-1,-1,-1
289,35,134.77,405.96,30.45,80.33,0.57,-1,-1,-1
289,36,39.01,413.30,18.43,73.36,0.64,-1,-1,-1
289,40,1201.37,362.14,51.89,134.64,0.82,-1,-1,-1
289,41,882.45,356.96,31.02,82.86,0.64,-1,-1,-1
289,42,851.54,367.84,32.76,81.82,0.57,-1,-1,-1
290,35,136.26,405.14,30.65,80.85,0.57,-1,-1,-1
290,40,1209.77,360.66,52.63,136.58,0.82,-1,-1,-1
290,41,886.37,355.51,31.62,84.47,0.64,-1,-1,-1
290,42,855.65,367.19,32.81,81.94,0.57,-1,-1,-1
291,35,137.92,406.82,30.69,80.95,0.57,-1,-1,-1
291,40,1218.43,360.43,53.51,138.86,0.82,-1,-1,-1
291,41,890.75,356.29,31.98,85.42,0.64,-1,-1,-1
291,42,860.08,368.56,32.80,81.91,0.57,-1,-1,-1
292,35,142.71,408.24,31.53,82.27,0.57,-1,-1,-1
292,36,42.00,415.45,19.74,76.64,0.64,-1,-1,-1
292,40,1220.73,364.13,53.08,138.63,0.82,-1,-1,-1
292,41,881.61,354.90,32.58,87.13,0.57,-1,-1,-1
292,42,861.94,371.40,33.13,82.60,0.42,-1,-1,-1
293,35,143.94,409.11,31.74,82.81,0.57,-1,-1,-1
293,41,885.49,355.93,32.62,87.23,0.57,-1,-1,-1
294,35,144.94,409.41,31.87,83.14,0.57,-1,-1,-1
294,41,888.90,356.11,32.67,87.37,0.57,-1,-1,-1
295,35,142.46,409.23,32.17,83.08,0.64,-1,-1,-1
295,36,45.86,414.57,21.27,81.20,0.76,-1,-1,-1
295,41,889.86,365.90,30.11,80.77,0.36,-1,-1,-1
295,42,867.08,372.60,26.89,66.97,0.23,-1,-1,-1
296,35,143.37,409.65,32.41,83.70,0.64,-1,-1,-1
296,41,892.96,367.21,30.57,82.01,0.36,-1,-1,-1
297,35,144.33,410.29,32.60,84.19,0.64,-1,-1,-1
297,41,895.80,367.18,31.49,84.47,0.36,-1,-1,-1
298,35,142.24,409.34,32.23,83.42,0.71,-1,-1,-1
298,36,47.15,414.22,22.07,82.93,0.71,-1,-1,-1
298,41,895.06,357.41,33.07,90.02,0.57,-1,-1,-1
299,35,142.82,409.77,32.41,83.90,0.71,-1,-1,-1
299,41,898.36,358.56,33.14,90.20,0.57,-1,-1,-1
300,35,143.53,410.62,32.66,84.54,0.71,-1,-1,-1
300,41,902.54,360.11,32.61,88.75,0.57,-1,-1,-1
301,35,141.33,414.36,33.31,86.74,0.64,-1,-1,-1
301,36,47.79,419.09,21.80,80.19,0.76,-1,-1,-1
301,41,901.93,362.75,37.91,102.46,0.02,-1,-1,-1
302,35,141.84,413.59,33.59,87.49,0.64,-1,-1,-1
302,41,909.36,363.64,37.16,100.42,0.02,-1,-1,-1
303,35,141.98,416.26,33.85,88.17,0.64,-1,-1,-1
303,41,915.80,363.65,37.72,101.93,0.02,-1,-1,-1
304,35,140.87,416.45,33.65,88.15,0.57,-1,-1,-1
304,36,47.34,419.30,22.69,82.42,0.76,-1,-1,-1
305,35,141.09,419.92,33.94,88.91,0.57,-1,-1,-1
306,35,141.29,418.89,34.16,89.48,0.57,-1,-1,-1
307,35,146.64,420.60,33.76,88.92,0.71,-1,-1,-1
307,36,43.83,424.41,22.87,79.86,0.64,-1,-1,-1
307,41,937.65,371.66,24.12,64.90,0.57,-1,-1,-1
308,35,147.09,423.71,33.80,89.02,0.71,-1,-1,-1
309,35,147.41,422.54,34.14,89.90,0.71,-1,-1,-1
310,35,149.22,422.46,33.60,88.93,0.64,-1,-1,-1
310,36,45.73,429.81,22.89,78.77,0.71,-1,-1,-1
310,41,951.49,370.86,21.27,57.30,0.50,-1,-1,-1
311,35,149.08,423.73,34.02,90.06,0.64,-1,-1,-1
312,35,149.07,422.95,34.02,90.05,0.64,-1,-1,-1
313,35,149.96,426.26,33.84,89.01,0.71,-1,-1,-1
313,36,42.43,433.51,23.91,81.75,0.71,-1,-1,-1
313,41,966.62,370.84,20.27,55.61,0.50,-1,-1,-1
314,35,149.59,427.00,34.06,89.59,0.71,-1,-1,-1
315,35,149.42,426.71,34.29,90.18,0.71,-1,-1,-1
316,35,148.93,427.49,36.14,95.26,0.71,-1,-1,-1
316,36,37.51,434.85,24.85,82.84,0.71,-1,-1,-1
316,41,973.02,374.60,23.03,62.93,0.29,-1,-1,-1
317,35,148.57,427.69,36.51,96.23,0.71,-1,-1,-1
318,35,148.34,428.25,36.63,96.55,0.71,-1,-1,-1
319,35,148.59,428.07,36.73,97.99,0.71,-1,-1,-1
319,36,28.18,436.99,26.40,86.60,0.64,-1,-1,-1
319,41,982.30,375.80,23.55,65.15,0.42,-1,-1,-1
320,35,147.83,428.07,37.01,98.74,0.71,-1,-1,-1
321,35,147.21,428.19,37.13,99.04,0.71,-1,-1,-1
322,35,148.14,428.04,37.10,99.08,0.71,-1,-1,-1
322,36,31.83,439.43,25.87,84.67,0.57,-1,-1,-1
322,41,990.00,372.60,21.39,59.14,0.29,-1,-1,-1
322,46,931.29,395.28,43.12,107.71,0.64,-1,-1,-1
322,47,1011.86,388.03,41.48,103.57,0.71,-1,-1,-1
323,35,146.97,428.14,37.45,100.03,0.71,-1,-1,-1
323,46,932.82,395.49,43.63,109.00,0.64,-1,-1,-1
323,47,1014.98,387.51,42.18,105.32,0.71,-1,-1,-1
324,35,145.95,426.58,37.57,100.34,0.71,-1,-1,-1
324,46,934.55,395.43,43.91,109.70,0.64,-1,-1,-1
324,47,1018.26,387.10,42.72,106.67,0.71,-1,-1,-1
325,35,141.13,429.30,37.92,102.73,0.64,-1,-1,-1
325,36,26.01,438.60,26.56,87.23,0.71,-1,-1,-1
325,46,940.87,403.42,40.52,101.14,0.64,-1,-1,-1
325,47,1024.50,395.72,38.65,96.30,0.71,-1,-1,-1
326,35,139.16,429.49,38.10,103.20,0.64,-1,-1,-1
326,46,941.97,403.04,41.13,102.65,0.64,-1,-1,-1
326,47,1026.50,394.59,39.68,98.86,0.71,-1,-1,-1
327,35,137.26,428.39,38.55,104.43,0.64,-1,-1,-1
327,46,943.16,402.63,41.62,103.87,0.64,-1,-1,-1
327,47,1029.10,394.61,39.92,99.45,0.71,-1,-1,-1
328,35,134.65,430.15,37.96,104.20,0.64,-1,-1,-1
328,36,20.70,439.93,26.38,84.81,0.71,-1,-1,-1
328,46,947.39,404.34,41.35,102.83,0.71,-1,-1,-1
328,47,1031.30,390.66,40.74,101.53,0.82,-1,-1,-1
329,35,132.58,427.28,38.52,105.76,0.64,-1,-1,-1
329,36,18.05,437.30,26.70,85.82,0.71,-1,-1,-1
329,46,948.73,402.45,41.67,103.65,0.71,-1,-1,-1
329,47,1034.50,389.56,40.60,101.16,0.82,-1,-1,-1
330,35,130.01,427.01,38.51,105.70,0.64,-1,-1,-1
330,36,14.65,436.82,26.73,85.93,0.71,-1,-1,-1
330,46,949.76,402.46,42.08,104.66,0.71,-1,-1,-1
330,47,1037.27,390.31,40.73,101.49,0.82,-1,-1,-1
331,35,131.51,429.71,38.12,104.94,0.64,-1,-1,-1
331,36,9.35,435.14,29.23,93.82,0.82,-1,-1,-1
331,46,949.39,403.89,41.79,103.48,0.76,-1,-1,-1
331,47,1036.65,390.42,42.61,106.38,0.76,-1,-1,-1
332,35,128.67,427.08,38.44,105.83,0.64,-1,-1,-1
332,46,949.28,401.37,42.86,106.14,0.76,-1,-1,-1
332,47,1039.00,389.25,42.78,106.78,0.76,-1,-1,-1
333,35,126.00,427.38,38.88,107.04,0.64,-1,-1,-1
333,46,949.84,400.09,43.48,107.68,0.76,-1,-1,-1
333,47,1041.22,388.30,43.18,107.80,0.76,-1,-1,-1
334,35,123.54,429.45,38.46,105.12,0.57,-1,-1,-1
334,36,4.22,436.77,27.68,90.81,0.64,-1,-1,-1
334,46,948.10,392.81,45.10,111.08,0.76,-1,-1,-1
334,47,1044.95,389.78,43.69,108.74,0.76,-1,-1,-1
334,48,1207.12,354.37,36.25,88.04,0.71,-1,-1,-1
335,35,120.93,429.14,38.81,106.08,0.57,-1,-1,-1
335,46,949.19,392.48,45.43,111.90,0.76,-1,-1,-1
335,47,1047.33,389.20,44.02,109.57,0.76,-1,-1,-1
335,48,1210.71,353.22,36.54,88.74,0.71,-1,-1,-1
336,35,118.23,429.18,39.14,106.97,0.57,-1,-1,-1
336,46,950.43,391.00,45.84,112.91,0.76,-1,-1,-1
336,47,1049.79,386.95,44.58,110.97,0.76,-1,-1,-1
336,48,1214.37,350.36,36.77,89.29,0.71,-1,-1,-1
337,35,116.37,425.37,39.71,108.24,0.64,-1,-1,-1
337,36,1.44,434.00,28.51,96.20,0.71,-1,-1,-1
337,46,950.84,396.05,46.66,113.66,0.76,-1,-1,-1
337,47,1053.73,386.90,46.47,116.42,0.57,-1,-1,-1
337,48,1220.71,348.34,37.89,92.12,0.76,-1,-1,-1
337,49,893.30,377.67,56.96,113.93,0.76,-1,-1,-1
337,50,141.25,416.00,32.35,107.71,0.57,-1,-1,-1
337,42,885.39,338.91,41.77,108.55,0.50,-1,-1,-1
338,35,113.62,428.16,40.17,109.48,0.64,-1,-1,-1
338,46,951.69,395.04,47.25,115.08,0.76,-1,-1,-1
338,47,1056.26,384.84,47.25,118.37,0.57,-1,-1,-1
338,48,1224.14,345.18,38.18,92.83,0.76,-1,-1,-1
338,49,894.19,376.69,56.99,113.98,0.76,-1,-1,-1
338,50,138.81,418.15,32.83,109.33,0.57,-1,-1,-1
338,42,886.44,337.27,41.92,108.93,0.50,-1,-1,-1
339,35,110.38,430.50,40.18,109.52,0.64,-1,-1,-1
339,46,952.16,397.58,47.48,115.64,0.76,-1,-1,-1
339,47,1058.31,387.25,47.67,119.44,0.57,-1,-1,-1
339,48,1227.05,346.88,38.53,93.68,0.76,-1,-1,-1
339,49,894.47,378.73,57.33,114.66,0.76,-1,-1,-1
339,50,135.67,420.37,32.90,109.54,0.57,-1,-1,-1
339,42,886.97,339.09,42.09,109.37,0.50,-1,-1,-1
340,35,110.27,427.40,39.94,109.57,0.57,-1,-1,-1
340,46,954.77,397.53,47.71,114.87,0.64,-1,-1,-1
340,47,1053.70,385.70,48.34,119.85,0.42,-1,-1,-1
340,48,1230.30,347.71,37.20,90.07,0.71,-1,-1,-1
340,49,893.60,377.69,56.86,114.11,0.64,-1,-1,-1
340,50,131.62,418.76,31.54,105.03,0.57,-1,-1,-1
341,35,107.02,430.30,40.02,109.77,0.57,-1,-1,-1
341,46,954.87,400.79,48.20,116.04,0.64,-1,-1,-1
341,47,1056.02,389.13,48.61,120.51,0.42,-1,-1,-1
341,48,1233.38,350.69,37.42,90.62,0.71,-1,-1,-1
341,49,894.03,380.66,57.14,114.68,0.64,-1,-1,-1
341,50,128.62,421.40,31.63,105.33,0.57,-1,-1,-1
342,35,103.77,430.93,40.44,110.92,0.57,-1,-1,-1
342,46,955.09,402.11,49.18,118.42,0.64,-1,-1,-1
342,47,1058.55,390.53,49.26,122.11,0.42,-1,-1,-1
342,48,1237.06,351.68,37.83,91.60,0.71,-1,-1,-1
342,49,894.69,381.93,57.42,115.24,0.64,-1,-1,-1
342,50,125.50,422.08,31.98,106.48,0.57,-1,-1,-1
343,35,97.54,433.34,41.24,113.15,0.64,-1,-1,-1
343,46,959.31,405.85,48.27,115.58,0.71,-1,-1,-1
343,47,1053.82,386.65,54.53,133.71,0.57,-1,-1,-1
343,48,1240.27,351.19,38.24,92.79,0.71,-1,-1,-1
343,49,902.18,377.06,62.51,125.59,0.64,-1,-1,-1
343,50,124.35,429.97,30.08,100.02,0.57,-1,-1,-1
343,42,890.84,341.44,40.83,109.71,0.50,-1,-1,-1
344,35,93.64,435.36,41.63,114.20,0.64,-1,-1,-1
344,46,959.55,409.18,48.58,116.34,0.71,-1,-1,-1
344,47,1055.83,389.24,55.15,135.23,0.57,-1,-1,-1
344,49,901.89,379.57,63.02,126.61,0.64,-1,-1,-1
344,50,120.63,431.89,30.39,101.04,0.57,-1,-1,-1
344,42,891.21,343.36,41.12,110.48,0.50,-1,-1,-1
345,35,90.05,440.51,41.94,115.07,0.64,-1,-1,-1
345,46,960.02,414.32,48.66,116.52,0.71,-1,-1,-1
345,47,1057.86,393.14,55.92,137.11,0.57,-1,-1,-1
345,49,901.35,383.60,63.61,127.80,0.64,-1,-1,-1
345,50,117.14,436.84,30.68,102.01,0.57,-1,-1,-1
345,42,891.61,346.79,41.45,111.37,0.50,-1,-1,-1
346,35,88.77,442.56,41.80,114.71,0.64,-1,-1,-1
346,46,960.09,416.47,50.48,121.64,0.71,-1,-1,-1
346,47,1057.47,399.38,55.44,133.72,0.71,-1,-1,-1
346,48,1245.44,358.83,38.15,93.36,0.64,-1,-1,-1
346,49,911.32,385.78,65.74,133.55,0.71,-1,-1,-1
346,50,113.12,445.65,31.93,105.75,0.64,-1,-1,-1
346,42,896.61,372.22,44.21,122.09,0.64,-1,-1,-1
347,35,84.84,444.91,42.20,115.81,0.64,-1,-1,-1
347,46,960.49,419.20,51.11,123.15,0.71,-1,-1,-1
347,47,1058.58,401.57,56.42,136.09,0.71,-1,-1,-1
347,49,910.58,388.09,66.52,135.13,0.71,-1,-1,-1
347,50,109.41,448.22,32.22,106.72,0.64,-1,-1,-1
347,42,896.64,374.42,44.52,122.94,0.64,-1,-1,-1
348,35,80.83,445.25,42.47,116.54,0.64,-1,-1,-1
348,46,961.03,420.57,51.38,123.80,0.71,-1,-1,-1
348,47,1059.75,401.72,57.37,138.38,0.71,-1,-1,-1
348,49,910.15,389.26,66.46,135.02,0.71,-1,-1,-1
348,50,105.64,448.63,32.40,107.29,0.64,-1,-1,-1
348,42,896.64,375.42,44.39,122.60,0.64,-1,-1,-1
349,35,75.45,451.80,42.41,115.39,0.64,-1,-1,-1
349,46,959.70,424.68,52.91,127.78,0.82,-1,-1,-1
349,47,1063.55,410.48,58.47,140.40,0.50,-1,-1,-1
349,48,1247.97,363.41,35.94,89.90,0.36,-1,-1,-1
349,49,915.98,393.82,64.90,133.39,0.57,-1,-1,-1
349,50,105.16,448.67,33.72,111.41,0.71,-1,-1,-1
349,42,893.07,387.17,44.65,120.92,0.71,-1,-1,-1
350,35,71.55,451.41,42.52,115.69,0.64,-1,-1,-1
350,46,959.98,426.59,53.54,129.31,0.82,-1,-1,-1
350,47,1065.23,410.81,59.94,143.92,0.50,-1,-1,-1
350,49,915.13,394.85,66.08,135.82,0.57,-1,-1,-1
350,50,101.48,448.18,33.88,111.95,0.71,-1,-1,-1
350,42,892.83,388.65,44.82,121.39,0.71,-1,-1,-1
351,35,68.23,452.43,43.13,117.34,0.64,-1,-1,-1
351,46,960.40,426.78,54.81,132.36,0.82,-1,-1,-1
351,47,1067.53,409.49,61.51,147.69,0.50,-1,-1,-1
351,49,914.77,394.89,67.19,138.09,0.57,-1,-1,-1
351,50,98.53,449.15,34.29,113.32,0.71,-1,-1,-1
351,42,892.67,388.78,45.14,122.26,0.71,-1,-1,-1
352,35,63.99,456.75,41.80,112.41,0.57,-1,-1,-1
352,46,959.23,431.19,54.32,130.66,0.76,-1,-1,-1
352,47,1055.61,414.88,57.14,137.54,0.76,-1,-1,-1
352,49,917.31,401.73,65.47,137.01,0.71,-1,-1,-1
352,50,93.20,452.24,32.65,107.07,0.71,-1,-1,-1
352,42,898.07,399.93,43.77,120.45,0.76,-1,-1,-1
353,35,60.23,457.31,42.49,114.26,0.57,-1,-1,-1
353,46,959.63,432.50,54.85,131.94,0.76,-1,-1,-1
353,47,1056.53,414.23,58.85,141.67,0.76,-1,-1,-1
353,49,917.05,402.22,66.32,138.79,0.71,-1,-1,-1
353,50,89.85,453.13,32.99,108.17,0.71,-1,-1,-1
353,42,897.16,399.96,44.25,121.78,0.76,-1,-1,-1
354,35,56.00,458.56,42.72,114.88,0.57,-1,-1,-1
354,46,959.80,434.86,55.72,134.03,0.76,-1,-1,-1
354,47,1057.02,414.89,60.62,145.92,0.76,-1,-1,-1
354,49,916.66,403.91,67.48,141.20,0.71,-1,-1,-1
354,50,86.06,454.51,33.09,108.51,0.71,-1,-1,-1
354,42,896.66,401.42,44.75,123.15,0.76,-1,-1,-1
355,35,51.51,458.93,43.88,117.56,0.71,-1,-1,-1
355,46,962.64,441.65,53.49,128.65,0.76,-1,-1,-1
355,47,1057.12,422.97,56.49,136.32,0.76,-1,-1,-1
355,49,915.49,406.59,63.64,134.95,0.82,-1,-1,-1
355,50,81.11,455.16,33.29,108.62,0.76,-1,-1,-1
355,42,897.17,405.17,42.71,120.42,0.71,-1,-1,-1
356,35,46.98,460.02,44.41,118.98,0.71,-1,-1,-1
356,46,962.72,442.50,54.71,131.57,0.76,-1,-1,-1
356,47,1057.16,423.38,58.19,140.41,0.76,-1,-1,-1
356,49,914.78,406.84,64.91,137.64,0.82,-1,-1,-1
356,50,76.95,456.37,33.61,109.68,0.76,-1,-1,-1
356,42,896.29,405.56,43.53,122.74,0.71,-1,-1,-1
357,35,42.50,460.71,44.58,119.44,0.71,-1,-1,-1
357,46,962.90,444.21,55.57,133.65,0.76,-1,-1,-1
357,47,1057.13,424.73,59.85,144.42,0.76,-1,-1,-1
357,49,913.92,408.15,65.97,139.88,0.82,-1,-1,-1
357,50,72.65,456.82,33.88,110.56,0.76,-1,-1,-1
357,42,895.33,406.88,44.11,124.37,0.71,-1,-1,-1
358,35,39.98,458.28,44.74,122.74,0.57,-1,-1,-1
358,46,965.96,445.75,55.59,134.37,0.64,-1,-1,-1
358,47,1057.05,429.82,57.07,135.41,0.64,-1,-1,-1
358,49,913.81,409.74,63.78,137.34,0.82,-1,-1,-1
358,50,72.47,457.73,34.57,112.56,0.71,-1,-1,-1
358,42,892.59,404.08,44.27,127.00,0.64,-1,-1,-1
359,35,35.20,460.35,45.09,123.68,0.57,-1,-1,-1
359,46,965.84,447.15,57.17,138.19,0.64,-1,-1,-1
359,47,1056.88,431.68,58.60,139.03,0.64,-1,-1,-1
359,49,912.70,410.93,65.39,140.81,0.82,-1,-1,-1
359,50,68.07,459.86,34.85,113.47,0.71,-1,-1,-1
359,42,891.70,405.69,44.76,128.41,0.64,-1,-1,-1
360,35,30.00,460.44,45.50,124.82,0.57,-1,-1,-1
360,46,965.94,449.45,58.16,140.57,0.64,-1,-1,-1
360,47,1056.98,434.49,59.43,141.00,0.64,-1,-1,-1
360,49,911.98,413.04,66.17,142.48,0.82,-1,-1,-1
360,50,63.16,460.24,35.09,114.24,0.71,-1,-1,-1
360,42,891.03,408.16,44.96,128.98,0.64,-1,-1,-1
361,35,25.57,464.21,45.26,124.91,0.50,-1,-1,-1
361,46,963.60,452.29,57.61,140.25,0.82,-1,-1,-1
361,47,1056.09,438.07,58.32,137.48,0.71,-1,-1,-1
361,49,909.12,416.07,64.89,141.46,0.82,-1,-1,-1
361,50,55.87,460.34,35.71,117.35,0.71,-1,-1,-1
361,42,889.93,405.63,46.15,132.45,0.71,-1,-1,-1
361,41,1108.61,382.81,30.02,82.48,0.57,-1,-1,-1
362,35,20.63,465.04,45.71,126.15,0.50,-1,-1,-1
362,46,963.64,455.00,59.09,143.85,0.82,-1,-1,-1
362,47,1055.92,441.34,59.15,139.45,0.71,-1,-1,-1
362,49,908.56,419.27,65.48,142.74,0.82,-1,-1,-1
362,50,51.22,461.10,36.09,118.59,0.71,-1,-1,-1
362,42,889.32,408.79,46.58,133.71,0.71,-1,-1,-1
362,41,1111.69,386.06,30.33,83.34,0.57,-1,-1,-1
363,35,15.74,469.12,46.06,127.11,0.50,-1,-1,-1
363,46,963.58,455.07,60.46,147.19,0.82,-1,-1,-1
363,47,1055.67,441.71,59.65,140.61,0.71,-1,-1,-1
363,49,907.73,419.84,66.15,144.20,0.82,-1,-1,-1
363,50,46.71,465.05,36.33,119.38,0.71,-1,-1,-1
363,42,888.82,409.59,46.95,134.76,0.71,-1,-1,-1
363,41,1114.03,385.86,30.60,84.08,0.57,-1,-1,-1
364,35,9.75,465.28,45.98,128.97,0.64,-1,-1,-1
364,46,965.62,464.65,58.28,142.85,0.76,-1,-1,-1
364,47,1055.05,446.69,59.17,140.72,0.71,-1,-1,-1
364,49,907.42,422.39,64.29,142.60,0.76,-1,-1,-1
364,50,38.79,459.73,37.55,122.63,0.71,-1,-1,-1
364,42,887.60,414.33,43.33,125.59,0.71,-1,-1,-1
364,41,1119.15,391.62,31.43,86.71,0.36,-1,-1,-1
365,35,5.44,469.78,46.43,130.22,0.64,-1,-1,-1
365,46,966.54,466.72,59.04,144.70,0.76,-1,-1,-1
365,47,1055.06,447.98,60.02,142.73,0.71,-1,-1,-1
365,49,907.46,424.29,64.87,143.88,0.76,-1,-1,-1
365,50,34.92,464.35,37.70,123.13,0.71,-1,-1,-1
365,42,887.54,416.30,43.81,126.98,0.71,-1,-1,-1
365,41,1122.70,393.01,31.43,86.70,0.36,-1,-1,-1
366,46,966.84,468.98,59.83,146.65,0.76,-1,-1,-1
366,47,1054.61,449.13,61.47,146.18,0.71,-1,-1,-1
366,49,906.90,425.69,65.86,146.06,0.76,-1,-1,-1
366,50,29.81,465.35,38.11,124.49,0.71,-1,-1,-1
366,42,886.95,417.65,44.30,128.38,0.71,-1,-1,-1
366,41,1125.60,394.76,31.55,87.05,0.36,-1,-1,-1
367,35,0.24,476.41,44.18,126.73,0.64,-1,-1,-1
367,46,964.72,471.66,62.47,152.45,0.85,-1,-1,-1
367,47,1049.78,448.03,63.38,152.06,0.82,-1,-1,-1
367,49,906.83,430.91,64.13,143.13,0.76,-1,-1,-1
367,50,25.98,468.16,37.55,121.58,0.76,-1,-1,-1
367,42,885.76,422.14,43.82,126.17,0.64,-1,-1,-1
367,41,1130.23,398.23,31.39,88.52,0.23,-1,-1,-1
368,46,965.04,474.90,62.93,153.57,0.85,-1,-1,-1
368,47,1048.94,450.03,64.45,154.64,0.82,-1,-1,-1
368,49,906.04,433.07,64.64,144.27,0.76,-1,-1,-1
368,50,20.91,470.00,37.78,122.32,0.76,-1,-1,-1
368,42,885.47,424.27,44.00,126.70,0.64,-1,-1,-1
368,41,1133.54,400.64,31.50,88.84,0.23,-1,-1,-1
369,46,965.52,476.11,63.83,155.77,0.85,-1,-1,-1
369,47,1047.82,449.36,66.29,159.04,0.82,-1,-1,-1
369,49,905.59,433.27,65.47,146.11,0.76,-1,-1,-1
369,50,16.37,473.10,38.20,123.70,0.76,-1,-1,-1
369,42,885.21,424.64,44.36,127.73,0.64,-1,-1,-1
369,41,1136.85,399.96,32.04,90.35,0.23,-1,-1,-1
370,35,-9.23,480.75,42.04,125.71,0.64,-1,-1,-1
370,46,964.04,477.52,64.32,156.36,0.82,-1,-1,-1
370,47,1042.95,452.86,67.15,160.19,0.82,-1,-1,-1
370,49,905.27,434.27,66.11,149.06,0.71,-1,-1,-1
370,50,10.73,476.05,38.25,124.29,0.82,-1,-1,-1
370,42,878.65,431.87,43.86,125.57,0.64,-1,-1,-1
370,41,1146.18,400.93,33.35,89.55,0.04,-1,-1,-1
371,46,964.04,477.75,65.10,158.24,0.82,-1,-1,-1
371,47,1042.16,452.62,68.17,162.61,0.82,-1,-1,-1
371,49,904.70,434.23,66.90,150.82,0.71,-1,-1,-1
371,50,5.54,478.67,38.50,125.13,0.82,-1,-1,-1
371,42,878.17,432.93,43.89,125.64,0.64,-1,-1,-1
371,41,1148.76,400.48,33.69,90.48,0.04,-1,-1,-1
372,46,963.51,478.29,66.35,161.29,0.82,-1,-1,-1
372,47,1040.95,453.37,69.40,165.56,0.82,-1,-1,-1
372,49,903.75,434.53,67.90,153.10,0.71,-1,-1,-1
372,42,877.23,433.98,44.19,126.49,0.64,-1,-1,-1
372,41,1151.24,400.21,34.31,92.15,0.04,-1,-1,-1
373,46,965.80,483.56,66.83,161.36,0.82,-1,-1,-1
373,47,1043.11,459.08,68.38,160.08,0.85,-1,-1,-1
373,49,901.45,438.07,67.00,151.74,0.76,-1,-1,-1
373,50,0.97,481.13,38.28,124.86,0.76,-1,-1,-1
373,42,876.77,435.64,41.25,118.85,0.57,-1,-1,-1
373,41,1155.44,401.29,34.81,96.10,0.50,-1,-1,-1
374,46,965.12,484.47,67.59,163.20,0.82,-1,-1,-1
374,47,1041.37,459.08,69.42,162.51,0.85,-1,-1,-1
374,49,900.04,437.44,68.30,154.70,0.76,-1,-1,-1
374,42,875.89,436.84,41.27,118.90,0.57,-1,-1,-1
374,41,1157.93,400.85,35.06,96.77,0.50,-1,-1,-1
375,46,964.89,484.93,68.30,164.89,0.82,-1,-1,-1
375,47,1039.83,458.32,70.40,164.81,0.85,-1,-1,-1
375,49,898.76,436.54,69.50,157.40,0.76,-1,-1,-1
375,42,874.94,437.05,41.66,120.05,0.57,-1,-1,-1
375,41,1160.10,399.20,35.56,98.15,0.50,-1,-1,-1
376,46,963.86,486.19,66.51,163.10,0.82,-1,-1,-1
376,47,1039.89,464.59,68.24,159.59,0.76,-1,-1,-1
376,49,893.34,439.07,67.00,153.22,0.71,-1,-1,-1
376,50,-8.57,487.98,37.19,128.39,0.57,-1,-1,-1
376,42,872.60,440.11,39.95,115.81,0.23,-1,-1,-1
377,46,963.60,485.78,67.13,164.61,0.82,-1,-1,-1
377,47,1037.76,463.71,68.59,160.41,0.76,-1,-1,-1
377,49,891.37,437.75,67.86,155.18,0.71,-1,-1,-1
377,42,871.79,440.46,39.51,114.52,0.23,-1,-1,-1
378,46,962.80,487.07,68.05,166.87,0.82,-1,-1,-1
378,47,1034.74,464.61,69.36,162.22,0.76,-1,-1,-1
378,49,888.78,437.46,68.94,157.65,0.71,-1,-1,-1
378,42,870.17,441.30,39.47,114.41,0.23,-1,-1,-1
379,46,961.79,490.19,68.43,169.99,0.76,-1,-1,-1
379,47,1027.91,462.28,69.21,162.09,0.76,-1,-1,-1
379,49,885.95,439.22,60.91,140.99,0.71,-1,-1,-1
379,42,862.27,428.72,43.12,127.00,0.42,-1,-1,-1
379,41,1177.01,407.44,30.72,87.37,0.57,-1,-1,-1
380,46,960.74,490.24,69.21,171.92,0.76,-1,-1,-1
380,47,1024.94,460.89,70.76,165.70,0.76,-1,-1,-1
380,49,883.19,438.71,61.16,141.57,0.71,-1,-1,-1
380,42,860.20,428.60,43.07,126.85,0.42,-1,-1,-1
381,46,959.24,490.64,70.47,175.04,0.76,-1,-1,-1
381,47,1020.47,460.68,72.15,168.96,0.76,-1,-1,-1
381,49,880.49,437.99,61.85,143.16,0.71,-1,-1,-1
381,42,858.22,428.36,43.22,127.29,0.42,-1,-1,-1
382,46,958.72,493.30,72.87,182.32,0.82,-1,-1,-1
382,47,1013.21,464.02,69.15,163.89,0.76,-1,-1,-1
382,42,867.86,431.58,43.19,128.82,0.76,-1,-1,-1
382,41,1183.19,403.81,29.82,87.55,0.36,-1,-1,-1
383,46,956.54,493.81,73.70,184.41,0.82,-1,-1,-1
383,47,1009.30,463.52,70.53,167.15,0.76,-1,-1,-1
383,42,865.31,430.75,43.58,129.99,0.76,-1,-1,-1
383,41,1184.43,403.24,30.00,88.10,0.36,-1,-1,-1
384,46,954.51,495.18,74.56,186.57,0.82,-1,-1,-1
384,47,1005.81,463.95,71.89,170.37,0.76,-1,-1,-1
384,42,863.06,430.54,43.99,131.20,0.76,-1,-1,-1
384,41,1185.47,402.61,30.68,90.09,0.36,-1,-1,-1
385,46,954.50,502.46,73.31,184.34,0.85,-1,-1,-1
385,47,1003.01,469.73,70.47,167.46,0.82,-1,-1,-1
385,42,867.12,435.70,43.12,130.14,0.64,-1,-1,-1
385,41,1188.63,402.72,31.56,94.56,0.42,-1,-1,-1
386,46,951.10,505.10,73.66,185.22,0.85,-1,-1,-1
386,47,998.90,472.02,70.84,168.34,0.82,-1,-1,-1
386,42,863.70,435.89,43.76,132.08,0.64,-1,-1,-1
386,41,1189.18,403.91,32.08,96.12,0.42,-1,-1,-1
387,46,948.58,505.34,73.93,185.90,0.85,-1,-1,-1
387,47,995.14,471.21,71.42,169.72,0.82,-1,-1,-1
387,42,860.90,435.09,44.05,132.97,0.64,-1,-1,-1
387,41,1189.94,401.49,32.43,97.18,0.42,-1,-1,-1
388,46,947.94,503.67,75.31,190.93,0.82,-1,-1,-1
388,47,998.58,469.41,70.25,168.21,0.64,-1,-1,-1
388,42,864.28,436.15,34.73,102.48,0.57,-1,-1,-1
388,41,1190.62,405.60,31.94,97.41,0.64,-1,-1,-1
389,46,944.06,505.21,76.07,192.85,0.82,-1,-1,-1
389,47,993.64,470.87,70.73,169.37,0.64,-1,-1,-1
389,42,860.36,438.25,34.11,100.66,0.57,-1,-1,-1
389,41,1190.66,406.45,32.15,98.08,0.64,-1,-1,-1
390,46,940.04,506.99,77.48,196.44,0.82,-1,-1,-1
390,47,988.44,472.13,71.85,172.03,0.64,-1,-1,-1
390,42,856.15,439.75,34.04,100.46,0.57,-1,-1,-1
390,41,1190.58,405.37,32.71,99.78,0.64,-1,-1,-1
391,46,939.81,502.77,79.96,203.43,0.76,-1,-1,-1
391,47,986.99,477.41,69.82,165.33,0.76,-1,-1,-1
391,41,1186.46,404.09,34.41,104.81,0.57,-1,-1,-1
392,46,935.38,504.19,80.80,205.57,0.76,-1,-1,-1
392,47,980.18,477.82,70.74,167.52,0.76,-1,-1,-1
392,41,1185.54,402.37,34.67,105.60,0.57,-1,-1,-1
393,46,929.79,506.86,81.46,207.24,0.76,-1,-1,-1
393,47,973.51,480.43,70.89,167.87,0.76,-1,-1,-1
393,41,1184.07,403.57,34.93,106.40,0.57,-1,-1,-1
394,46,922.97,508.17,77.14,196.41,0.76,-1,-1,-1
394,47,962.93,475.67,75.14,179.76,0.50,-1,-1,-1
394,41,1187.01,404.34,35.56,110.99,0.18,-1,-1,-1
394,49,872.47,385.12,57.85,135.43,0.50,-1,-1,-1
395,46,916.93,510.76,77.54,197.44,0.76,-1,-1,-1
395,47,956.20,477.36,75.71,181.15,0.50,-1,-1,-1
395,41,1184.84,405.17,35.74,111.54,0.18,-1,-1,-1
395,49,867.71,385.20,57.90,135.54,0.50,-1,-1,-1
396,46,911.35,512.27,78.51,199.90,0.76,-1,-1,-1
396,47,950.15,478.47,76.44,182.89,0.50,-1,-1,-1
396,41,1182.92,404.02,35.88,111.99,0.18,-1,-1,-1
396,49,862.93,384.40,58.21,136.27,0.50,-1,-1,-1
397,46,906.46,510.61,80.04,205.36,0.71,-1,-1,-1
397,47,940.72,476.46,77.36,188.93,0.57,-1,-1,-1
397,49,865.07,375.94,51.82,121.80,0.76,-1,-1,-1
398,46,900.34,512.72,80.44,206.38,0.71,-1,-1,-1
398,47,933.76,477.86,77.98,190.43,0.57,-1,-1,-1
398,49,859.79,375.54,52.03,122.30,0.76,-1,-1,-1
399,47,927.11,478.33,78.74,192.30,0.57,-1,-1,-1
399,49,854.27,374.83,52.17,122.61,0.76,-1,-1,-1
400,46,892.81,514.86,80.54,204.84,0.50,-1,-1,-1
400,47,923.98,476.41,61.23,150.01,0.57,-1,-1,-1
400,49,856.46,372.35,41.03,96.19,0.76,-1,-1,-1
400,52,752.34,439.82,46.81,165.71,0.71,-1,-1,-1
401,47,916.65,477.42,61.80,151.41,0.57,-1,-1,-1
401,49,850.43,372.71,41.06,96.26,0.76,-1,-1,-1
401,52,743.76,441.36,46.71,165.35,0.71,-1,-1,-1
402,47,908.66,476.96,63.01,154.37,0.57,-1,-1,-1
402,49,844.22,372.43,40.91,95.92,0.76,-1,-1,-1
402,52,734.88,441.75,46.83,165.76,0.71,-1,-1,-1
403,46,870.51,516.36,81.04,204.39,0.82,-1,-1,-1
403,47,896.09,482.19,53.75,132.07,0.57,-1,-1,-1
403,49,842.49,371.28,36.05,85.38,0.71,-1,-1,-1
403,52,722.06,445.94,48.63,169.77,0.50,-1,-1,-1
404,47,885.96,482.87,54.79,134.62,0.57,-1,-1,-1
404,49,835.93,371.56,36.10,85.50,0.71,-1,-1,-1
404,52,711.76,446.85,49.18,171.72,0.50,-1,-1,-1
405,47,875.52,483.27,55.89,137.33,0.57,-1,-1,-1
405,49,828.83,371.32,36.18,85.68,0.71,-1,-1,-1
405,52,700.64,445.61,50.24,175.42,0.50,-1,-1,-1
406,46,837.36,521.84,83.39,200.70,0.76,-1,-1,-1
406,47,863.55,484.60,45.29,111.01,0.57,-1,-1,-1
406,49,819.18,365.69,35.56,85.33,0.71,-1,-1,-1
406,52,688.29,447.80,54.30,187.40,0.64,-1,-1,-1
406,42,826.51,418.48,37.14,108.11,0.50,-1,-1,-1
407,47,852.39,486.54,45.87,112.44,0.57,-1,-1,-1
407,49,811.78,366.09,35.73,85.74,0.71,-1,-1,-1
407,52,676.65,448.84,55.02,189.86,0.64,-1,-1,-1
407,42,817.94,418.57,37.87,110.23,0.50,-1,-1,-1
408,47,840.85,486.97,46.70,114.47,0.57,-1,-1,-1
408,49,804.21,365.69,35.74,85.75,0.71,-1,-1,-1
408,52,664.65,448.89,55.57,191.76,0.64,-1,-1,-1
408,42,809.01,417.86,38.50,112.05,0.50,-1,-1,-1
409,46,817.32,533.99,78.84,185.52,0.82,-1,-1,-1
409,47,831.25,489.02,38.79,95.01,0.57,-1,-1,-1
409,49,797.00,367.32,35.22,85.52,0.76,-1,-1,-1
409,52,660.43,452.10,57.21,193.99,0.76,-1,-1,-1
409,53,871.71,379.23,31.79,59.04,0.57,-1,-1,-1
409,42,811.57,406.88,34.10,97.33,0.01,-1,-1,-1
410,47,818.45,490.09,39.52,96.81,0.57,-1,-1,-1
410,49,788.84,367.04,35.39,85.94,0.76,-1,-1,-1
410,52,647.23,453.35,57.92,196.39,0.76,-1,-1,-1
410,42,802.42,406.46,34.63,98.83,0.01,-1,-1,-1
411,47,804.71,490.18,40.54,99.30,0.57,-1,-1,-1
411,49,780.11,367.19,35.37,85.89,0.76,-1,-1,-1
411,52,632.80,453.48,58.76,199.22,0.76,-1,-1,-1
411,42,792.72,406.36,34.96,99.78,0.01,-1,-1,-1
412,46,783.90,534.93,80.44,186.47,0.82,-1,-1,-1
412,47,791.85,486.49,34.57,81.96,0.36,-1,-1,-1
412,49,771.15,368.06,35.32,85.77,0.71,-1,-1,-1
412,52,624.57,455.27,59.70,200.29,0.76,-1,-1,-1
412,53,872.51,375.90,35.18,65.69,0.64,-1,-1,-1
412,42,789.12,406.75,32.37,88.91,0.50,-1,-1,-1
413,47,777.63,486.90,35.30,83.69,0.36,-1,-1,-1
413,49,762.31,367.30,35.48,86.15,0.71,-1,-1,-1
413,52,610.12,453.98,61.49,206.29,0.76,-1,-1,-1
413,53,863.91,375.49,35.23,65.78,0.64,-1,-1,-1
413,42,779.05,405.71,32.93,90.43,0.50,-1,-1,-1
414,47,762.99,486.84,36.13,85.67,0.36,-1,-1,-1
414,49,752.95,367.24,35.37,85.89,0.71,-1,-1,-1
414,52,595.31,453.25,62.80,210.67,0.76,-1,-1,-1
414,53,854.73,375.35,35.28,65.87,0.64,-1,-1,-1
414,42,768.59,405.08,33.34,91.56,0.50,-1,-1,-1
415,46,742.71,538.60,78.23,179.93,0.82,-1,-1,-1
415,49,740.78,368.41,35.43,86.04,0.57,-1,-1,-1
415,52,575.53,451.09,64.74,213.15,0.76,-1,-1,-1
415,53,853.52,374.70,36.02,67.81,0.50,-1,-1,-1
415,42,763.18,390.29,38.63,105.00,0.04,-1,-1,-1
416,49,730.85,367.30,35.66,86.59,0.57,-1,-1,-1
416,52,560.20,450.63,66.13,217.70,0.76,-1,-1,-1
416,53,843.94,373.41,36.34,68.40,0.50,-1,-1,-1
416,42,752.73,389.28,39.08,106.20,0.04,-1,-1,-1
417,49,720.77,367.26,35.69,86.66,0.57,-1,-1,-1
417,52,544.18,450.83,66.89,220.21,0.76,-1,-1,-1
417,53,834.08,373.20,36.56,68.82,0.50,-1,-1,-1
417,42,742.09,389.13,39.34,106.93,0.04,-1,-1,-1
418,46,701.00,550.20,75.09,170.44,0.85,-1,-1,-1
418,49,712.88,370.21,33.98,83.05,0.57,-1,-1,-1
418,52,516.85,452.60,66.83,217.65,0.82,-1,-1,-1
418,53,835.15,368.81,41.60,79.15,0.64,-1,-1,-1
418,42,747.81,369.89,34.13,89.47,0.57,-1,-1,-1
419,49,702.39,368.67,34.25,83.73,0.57,-1,-1,-1
419,52,499.85,452.55,67.86,220.98,0.82,-1,-1,-1
419,53,825.00,367.55,41.73,79.39,0.64,-1,-1,-1
419,42,737.08,368.79,34.26,89.80,0.57,-1,-1,-1
420,49,691.60,368.14,34.41,84.10,0.57,-1,-1,-1
420,52,481.81,454.27,68.52,223.15,0.82,-1,-1,-1
420,53,814.60,367.20,42.07,80.04,0.64,-1,-1,-1
420,42,726.07,368.37,34.48,90.39,0.57,-1,-1,-1
421,46,652.16,557.81,71.75,159.85,0.85,-1,-1,-1
421,49,677.25,367.61,35.83,88.77,0.57,-1,-1,-1
421,52,455.36,456.81,68.54,218.83,0.82,-1,-1,-1
421,53,806.09,364.95,41.90,80.54,0.76,-1,-1,-1
421,42,721.69,364.10,29.21,75.32,0.57,-1,-1,-1
422,49,665.36,366.48,35.84,88.80,0.57,-1,-1,-1
422,52,434.40,455.06,70.15,223.95,0.82,-1,-1,-1
422,53,794.39,363.79,42.20,81.13,0.76,-1,-1,-1
422,42,709.83,362.74,29.37,75.74,0.57,-1,-1,-1
423,49,652.61,365.88,35.97,89.12,0.57,-1,-1,-1
423,52,412.22,454.76,71.53,228.38,0.82,-1,-1,-1
423,53,781.87,363.40,42.46,81.62,0.76,-1,-1,-1
423,42,696.90,361.93,29.79,76.82,0.57,-1,-1,-1
424,46,592.49,565.65,70.83,152.50,0.85,-1,-1,-1
424,49,637.29,363.37,36.25,90.95,0.57,-1,-1,-1
424,52,389.30,462.44,71.78,223.19,0.85,-1,-1,-1
424,53,769.64,363.28,41.84,80.83,0.64,-1,-1,-1
424,42,686.12,361.94,29.69,76.39,0.64,-1,-1,-1
425,49,624.04,363.01,36.32,91.14,0.57,-1,-1,-1
425,52,365.67,461.67,73.41,228.27,0.85,-1,-1,-1
425,53,756.63,363.05,41.94,81.02,0.64,-1,-1,-1
425,42,672.60,361.54,29.84,76.76,0.64,-1,-1,-1
426,49,611.37,362.42,36.39,91.31,0.57,-1,-1,-1
426,52,341.50,460.91,75.48,234.68,0.85,-1,-1,-1
426,53,744.22,362.46,42.34,81.80,0.64,-1,-1,-1
426,42,659.65,360.66,30.27,77.88,0.64,-1,-1,-1
427,49,595.77,360.32,35.09,88.78,0.57,-1,-1,-1
427,52,315.46,469.83,76.18,228.42,0.82,-1,-1,-1
427,53,741.61,363.02,41.02,80.79,0.71,-1,-1,-1
427,42,650.02,361.67,29.95,76.89,0.57,-1,-1,-1
427,62,514.86,574.98,61.91,143.96,0.76,-1,-1,-1
428,49,582.09,361.86,35.09,88.78,0.57,-1,-1,-1
428,52,289.98,471.43,78.14,234.30,0.82,-1,-1,-1
428,53,728.33,364.90,41.01,80.78,0.71,-1,-1,-1
428,42,636.04,363.34,30.17,77.44,0.57,-1,-1,-1
429,49,568.58,362.20,35.22,89.11,0.57,-1,-1,-1
429,52,264.23,471.56,80.23,240.57,0.82,-1,-1,-1
429,53,715.04,365.64,41.15,81.05,0.71,-1,-1,-1
429,42,621.99,363.78,30.51,78.32,0.57,-1,-1,-1
430,49,552.68,362.98,34.86,87.93,0.42,-1,-1,-1
430,52,248.67,476.61,77.70,226.90,0.76,-1,-1,-1
430,53,707.52,368.66,41.17,83.52,0.64,-1,-1,-1
430,42,612.00,357.65,30.88,80.45,0.15,-1,-1,-1
430,64,432.88,591.03,66.38,124.28,0.76,-1,-1,-1
431,49,538.77,364.48,34.90,88.04,0.42,-1,-1,-1
431,52,221.44,477.47,79.97,233.53,0.76,-1,-1,-1
431,53,693.79,370.55,41.49,84.16,0.64,-1,-1,-1
432,49,524.71,364.86,34.88,87.98,0.42,-1,-1,-1
432,52,193.54,478.93,82.37,240.54,0.76,-1,-1,-1
432,53,680.23,370.94,41.72,84.62,0.64,-1,-1,-1
433,49,508.00,377.13,31.75,81.01,0.50,-1,-1,-1
433,53,668.66,371.16,40.80,84.63,0.64,-1,-1,-1
433,42,602.83,371.08,27.44,71.48,0.64,-1,-1,-1
433,69,915.24,416.00,62.80,134.64,0.57,-1,-1,-1
433,71,352.42,608.12,67.79,108.75,0.76,-1,-1,-1
434,49,493.02,377.26,31.75,81.00,0.50,-1,-1,-1
434,53,654.45,371.39,40.84,84.71,0.64,-1,-1,-1
434,69,901.72,416.21,63.47,136.09,0.57,-1,-1,-1
435,49,478.61,378.04,31.96,81.54,0.50,-1,-1,-1
435,53,640.43,372.49,41.21,85.48,0.64,-1,-1,-1
435,69,888.30,417.67,64.28,137.82,0.57,-1,-1,-1
436,49,463.09,377.67,31.93,81.73,0.50,-1,-1,-1
436,53,626.72,370.25,41.43,88.08,0.71,-1,-1,-1
436,42,581.37,375.10,29.44,78.90,0.71,-1,-1,-1
436,69,884.17,420.52,61.14,131.24,0.76,-1,-1,-1
436,72,993.79,408.23,46.56,139.82,0.50,-1,-1,-1
436,75,256.36,628.32,75.56,89.07,0.71,-1,-1,-1
436,52,180.86,572.90,56.57,144.33,0.89,-1,-1,-1
437,49,448.10,378.85,32.10,82.16,0.50,-1,-1,-1
437,53,612.70,371.77,41.64,88.52,0.71,-1,-1,-1
437,42,567.03,376.61,29.65,79.45,0.71,-1,-1,-1
437,69,871.02,422.39,61.31,131.60,0.76,-1,-1,-1
437,72,978.93,409.84,46.63,140.05,0.50,-1,-1,-1
438,49,432.51,378.08,32.45,83.05,0.50,-1,-1,-1
438,53,598.29,371.45,42.02,89.33,0.71,-1,-1,-1
438,42,552.18,376.17,30.05,80.52,0.71,-1,-1,-1
438,69,857.14,422.23,62.19,133.48,0.76,-1,-1,-1
438,72,963.54,409.77,47.08,141.38,0.50,-1,-1,-1
439,49,416.08,373.11,33.46,85.31,0.71,-1,-1,-1
439,53,584.59,369.98,41.37,89.39,0.71,-1,-1,-1
439,42,540.50,378.02,31.05,84.60,0.64,-1,-1,-1
439,69,841.95,426.21,60.39,129.51,0.64,-1,-1,-1
439,77,69.52,581.71,41.17,129.57,0.85,-1,-1,-1
439,52,131.52,568.61,51.51,126.30,0.71,-1,-1,-1
440,49,400.18,373.44,33.73,85.99,0.71,-1,-1,-1
440,53,569.86,370.68,41.39,89.44,0.71,-1,-1,-1
440,69,827.93,426.76,61.02,130.86,0.64,-1,-1,-1
440,52,95.76,574.58,53.06,130.09,0.71,-1,-1,-1
441,49,383.84,373.17,34.11,86.97,0.71,-1,-1,-1
441,53,554.74,370.54,41.60,89.90,0.71,-1,-1,-1
441,69,813.35,427.07,61.56,132.02,0.64,-1,-1,-1
441,52,58.40,579.76,54.65,133.99,0.71,-1,-1,-1
442,49,365.83,375.95,33.08,83.66,0.64,-1,-1,-1
442,53,542.35,377.51,39.97,86.69,0.76,-1,-1,-1
442,42,514.11,377.54,32.45,90.19,0.64,-1,-1,-1
442,69,797.59,431.75,60.22,129.01,0.76,-1,-1,-1
443,49,348.99,376.58,33.26,84.10,0.64,-1,-1,-1
443,53,526.69,378.04,40.40,87.62,0.76,-1,-1,-1
443,42,498.53,378.46,32.61,90.64,0.64,-1,-1,-1
443,69,783.51,433.40,59.97,128.48,0.76,-1,-1,-1
444,49,331.79,376.63,33.49,84.69,0.64,-1,-1,-1
444,53,518.68,381.78,41.61,90.25,0.76,-1,-1,-1
444,42,482.64,378.67,32.78,91.12,0.64,-1,-1,-1
444,69,769.07,434.25,60.20,128.97,0.76,-1,-1,-1
445,49,316.40,380.50,32.39,83.13,0.82,-1,-1,-1
445,53,493.16,378.62,41.69,92.13,0.64,-1,-1,-1
445,42,467.00,377.63,35.10,98.85,0.76,-1,-1,-1
445,69,753.22,435.81,61.02,132.19,0.82,-1,-1,-1
445,86,421.07,378.19,36.15,88.04,0.50,-1,-1,-1
446,49,298.75,380.60,32.70,83.93,0.82,-1,-1,-1
446,53,470.55,377.22,40.44,89.37,0.64,-1,-1,-1
446,42,450.54,378.07,35.34,99.50,0.76,-1,-1,-1
446,69,737.53,436.70,61.47,133.17,0.82,-1,-1,-1
446,86,404.30,378.36,36.60,89.14,0.50,-1,-1,-1
447,49,280.81,380.32,33.07,84.89,0.82,-1,-1,-1
447,53,441.03,365.34,41.65,92.05,0.64,-1,-1,-1
447,42,431.42,377.28,34.28,96.52,0.76,-1,-1,-1
447,69,721.66,437.12,62.18,134.71,0.82,-1,-1,-1
447,86,387.44,378.07,37.04,90.21,0.50,-1,-1,-1
448,49,261.46,382.08,31.89,83.02,0.76,-1,-1,-1
448,53,442.15,373.52,41.83,93.33,0.71,-1,-1,-1
448,69,705.22,435.10,62.87,137.53,0.82,-1,-1,-1
448,86,390.60,381.54,40.95,100.02,0.57,-1,-1,-1
449,49,243.02,381.31,32.30,84.09,0.76,-1,-1,-1
449,53,415.92,378.75,41.72,93.08,0.71,-1,-1,-1
449,69,688.52,435.18,63.26,138.38,0.82,-1,-1,-1
449,86,355.32,360.24,42.18,103.03,0.57,-1,-1,-1
450,49,224.23,379.43,32.87,85.58,0.76,-1,-1,-1
450,53,386.20,380.57,42.97,95.87,0.71,-1,-1,-1
450,69,671.39,435.81,63.60,139.12,0.82,-1,-1,-1
450,86,312.42,371.52,40.92,99.93,0.57,-1,-1,-1
451,49,203.35,380.78,33.36,86.40,0.76,-1,-1,-1
451,69,654.20,439.48,61.76,136.25,0.76,-1,-1,-1
451,86,334.17,381.84,42.24,103.59,0.64,-1,-1,-1
451,92,681.73,404.60,49.24,153.28,0.76,-1,-1,-1
451,42,400.62,379.43,32.24,90.82,0.71,-1,-1,-1
452,49,183.64,379.72,33.77,87.47,0.76,-1,-1,-1
452,69,636.15,440.33,61.99,136.74,0.76,-1,-1,-1
452,86,312.77,379.80,43.50,106.69,0.64,-1,-1,-1
452,92,663.47,405.16,49.39,153.75,0.76,-1,-1,-1
452,42,383.11,378.98,32.37,91.19,0.71,-1,-1,-1
453,49,163.90,380.38,34.16,88.49,0.76,-1,-1,-1
453,69,618.15,441.02,62.18,137.18,0.76,-1,-1,-1
453,86,288.31,377.01,44.81,109.89,0.64,-1,-1,-1
453,92,645.25,405.59,49.57,154.33,0.76,-1,-1,-1
453,42,365.49,379.45,32.56,91.73,0.71,-1,-1,-1
454,49,145.42,382.09,32.99,84.66,0.71,-1,-1,-1
454,69,596.63,424.94,69.71,155.31,0.82,-1,-1,-1
454,86,276.91,376.23,44.57,110.50,0.64,-1,-1,-1
454,93,1169.63,515.42,78.08,202.07,0.94,-1,-1,-1
454,53,344.32,373.43,45.01,102.14,0.76,-1,-1,-1
454,62,494.99,468.79,76.91,181.08,0.85,-1,-1,-1
455,49,119.14,389.79,33.98,87.20,0.71,-1,-1,-1
455,69,577.75,426.71,70.09,156.18,0.82,-1,-1,-1
455,86,257.58,377.79,44.77,110.99,0.64,-1,-1,-1
455,93,1149.11,514.04,78.46,203.05,0.94,-1,-1,-1
455,53,325.91,374.42,45.75,103.84,0.76,-1,-1,-1
455,62,471.63,469.11,78.98,185.96,0.85,-1,-1,-1
456,49,68.05,370.83,35.00,89.81,0.71,-1,-1,-1
456,69,558.32,427.44,70.64,157.39,0.82,-1,-1,-1
456,86,237.91,377.84,45.01,111.60,0.64,-1,-1,-1
456,93,1127.87,511.72,78.93,204.28,0.94,-1,-1,-1
456,53,307.27,374.34,46.19,104.82,0.76,-1,-1,-1
456,62,446.28,468.11,80.82,190.29,0.85,-1,-1,-1
457,69,541.42,430.05,68.79,154.00,0.76,-1,-1,-1
457,86,219.49,382.32,44.50,111.73,0.64,-1,-1,-1
457,93,1104.74,506.87,82.08,209.83,0.94,-1,-1,-1
457,53,292.02,371.88,47.04,106.98,0.64,-1,-1,-1
457,62,480.00,440.59,68.60,163.74,0.82,-1,-1,-1
457,64,405.38,466.23,111.06,217.11,0.85,-1,-1,-1
458,69,520.75,431.73,69.31,155.17,0.76,-1,-1,-1
458,86,198.96,383.17,44.70,112.24,0.64,-1,-1,-1
458,93,1084.41,506.27,81.74,208.93,0.94,-1,-1,-1
458,53,272.36,372.44,47.56,108.17,0.64,-1,-1,-1
458,62,457.67,440.78,70.25,167.67,0.82,-1,-1,-1
458,64,379.03,465.66,114.39,223.62,0.85,-1,-1,-1
459,69,499.88,434.46,69.45,155.47,0.76,-1,-1,-1
459,86,178.27,385.22,44.61,112.00,0.64,-1,-1,-1
459,93,1063.69,506.91,81.79,209.08,0.94,-1,-1,-1
459,53,252.41,373.73,48.16,109.53,0.64,-1,-1,-1
459,62,435.14,442.61,71.60,170.90,0.82,-1,-1,-1
459,64,352.97,468.65,116.43,227.62,0.85,-1,-1,-1
460,69,480.33,434.36,72.23,162.62,0.71,-1,-1,-1
460,86,146.14,383.67,46.35,114.93,0.71,-1,-1,-1
460,93,1030.57,504.61,84.56,212.79,0.94,-1,-1,-1
460,53,234.46,379.08,45.88,105.95,0.64,-1,-1,-1
460,62,437.71,426.16,66.48,161.36,0.76,-1,-1,-1
460,49,10.19,380.60,35.57,91.28,0.71,-1,-1,-1
460,71,316.72,479.16,133.00,222.23,0.85,-1,-1,-1
461,69,458.23,436.78,72.98,164.30,0.71,-1,-1,-1
461,86,124.06,385.59,46.76,115.97,0.71,-1,-1,-1
461,53,213.35,380.65,46.68,107.78,0.64,-1,-1,-1
461,62,415.88,428.94,66.95,162.52,0.76,-1,-1,-1
461,71,289.90,486.28,133.77,223.52,0.85,-1,-1,-1
462,69,435.69,438.52,74.07,166.77,0.71,-1,-1,-1
462,86,101.62,386.42,47.11,116.82,0.71,-1,-1,-1
462,53,191.98,381.09,47.49,109.67,0.64,-1,-1,-1
462,62,393.49,430.77,67.75,164.45,0.76,-1,-1,-1
462,71,260.53,493.89,134.98,225.54,0.85,-1,-1,-1
463,69,414.41,439.33,74.36,166.82,0.76,-1,-1,-1
463,86,64.72,387.41,47.00,116.48,0.64,-1,-1,-1
463,93,968.00,516.99,82.02,202.01,0.94,-1,-1,-1
463,53,172.20,382.35,45.51,105.68,0.71,-1,-1,-1
463,64,366.29,441.64,87.26,177.46,0.76,-1,-1,-1
463,75,202.52,489.47,185.31,230.52,0.85,-1,-1,-1
464,69,390.72,441.50,75.46,169.29,0.76,-1,-1,-1
464,86,40.99,387.72,47.70,118.19,0.64,-1,-1,-1
464,53,149.97,382.62,46.40,107.75,0.71,-1,-1,-1
464,64,342.62,444.07,87.99,178.94,0.76,-1,-1,-1
465,69,366.55,443.53,76.70,172.06,0.76,-1,-1,-1
465,86,16.59,387.92,48.44,120.02,0.64,-1,-1,-1
465,53,127.32,382.65,47.40,110.06,0.71,-1,-1,-1
465,64,318.35,446.37,88.89,180.78,0.76,-1,-1,-1
466,69,345.80,452.31,75.00,165.74,0.82,-1,-1,-1
466,86,21.19,395.08,46.59,116.14,0.50,-1,-1,-1
466,93,896.15,544.32,73.58,175.21,0.94,-1,-1,-1
466,53,107.08,383.28,48.42,111.99,0.71,-1,-1,-1
466,64,299.24,438.91,81.38,169.97,0.64,-1,-1,-1
466,75,157.85,490.00,178.62,228.52,0.76,-1,-1,-1
467,69,320.79,454.23,76.15,168.28,0.82,-1,-1,-1
467,53,83.62,382.37,49.77,115.12,0.71,-1,-1,-1
467,64,273.74,440.50,82.68,172.68,0.64,-1,-1,-1
468,69,295.25,456.23,77.45,171.16,0.82,-1,-1,-1
468,53,59.43,382.54,50.50,116.79,0.71,-1,-1,-1
468,64,247.63,441.95,84.34,176.13,0.64,-1,-1,-1
469,69,272.17,462.40,76.68,168.27,0.76,-1,-1,-1
469,93,834.62,563.08,67.92,154.60,0.91,-1,-1,-1
469,53,40.61,383.20,54.19,127.17,0.23,-1,-1,-1
469,64,247.71,433.87,83.37,180.38,0.64,-1,-1,-1
470,69,245.76,462.77,77.94,171.03,0.76,-1,-1,-1
470,93,810.64,564.59,66.96,152.40,0.91,-1,-1,-1
470,53,14.04,382.28,54.88,128.79,0.23,-1,-1,-1
470,64,220.84,433.55,85.14,184.20,0.64,-1,-1,-1
471,69,219.15,463.48,78.99,173.33,0.76,-1,-1,-1
471,93,785.08,562.75,67.83,154.38,0.91,-1,-1,-1
471,64,193.90,433.53,86.73,187.65,0.64,-1,-1,-1
472,69,187.42,466.02,79.71,175.30,0.76,-1,-1,-1
472,93,751.38,568.04,68.20,149.16,0.91,-1,-1,-1
473,69,159.70,467.90,80.46,176.95,0.76,-1,-1,-1
473,93,724.58,567.20,68.80,150.46,0.91,-1,-1,-1
474,69,131.23,468.92,81.58,179.40,0.76,-1,-1,-1
474,93,697.72,567.04,69.30,151.56,0.91,-1,-1,-1
475,69,104.42,467.92,82.59,184.23,0.82,-1,-1,-1
475,93,678.20,569.52,71.42,147.42,0.89,-1,-1,-1
476,69,74.13,470.04,82.99,185.12,0.82,-1,-1,-1
476,93,647.67,570.95,70.52,145.57,0.89,-1,-1,-1
477,69,43.09,472.01,84.30,188.05,0.82,-1,-1,-1
478,69,6.73,476.72,81.89,186.78,0.64,-1,-1,-1
478,93,594.16,577.00,71.89,139.86,0.85,-1,-1,-1
481,93,507.42,588.41,69.09,126.58,0.71,-1,-1,-1
484,93,410.53,582.30,76.21,133.95,0.91,-1,-1,-1
485,93,378.53,583.83,76.79,134.97,0.91,-1,-1,-1
487,93,303.87,589.31,74.87,125.55,0.85,-1,-1,-1
490,93,199.79,609.77,68.55,108.24,0.85,-1,-1,-1
490,72,981.97,447.51,65.98,191.51,0.50,-1,-1,-1
491,72,954.79,449.29,66.54,193.15,0.50,-1,-1,-1
492,72,927.61,452.21,67.06,194.65,0.50,-1,-1,-1
493,93,98.49,633.57,57.42,83.66,0.82,-1,-1,-1
493,105,919.48,455.35,56.38,120.14,0.71,-1,-1,-1
494,105,892.94,459.11,56.41,120.21,0.71,-1,-1,-1
495,105,864.82,461.61,57.40,122.32,0.71,-1,-1,-1
496,93,-0.28,640.28,51.84,76.67,0.64,-1,-1,-1
502,92,638.52,460.41,69.43,217.35,0.71,-1,-1,-1
503,92,608.36,459.61,70.53,220.80,0.71,-1,-1,-1
504,92,578.65,459.04,71.41,223.54,0.71,-1,-1,-1
506,92,515.67,459.96,74.50,233.23,0.71,-1,-1,-1
507,92,485.09,461.02,75.80,237.30,0.71,-1,-1,-1
508,113,1182.83,442.92,62.04,124.28,0.76,-1,-1,-1
509,113,1158.83,443.61,62.58,125.37,0.76,-1,-1,-1
510,113,1135.79,446.33,62.74,125.68,0.76,-1,-1,-1
511,116,1114.63,449.14,55.51,122.21,0.76,-1,-1,-1
512,116,1091.55,450.75,56.53,124.46,0.76,-1,-1,-1
513,116,1068.94,450.69,57.55,126.72,0.76,-1,-1,-1
514,119,1041.47,449.14,67.20,134.64,0.76,-1,-1,-1
514,75,114.22,491.54,155.97,212.97,0.82,-1,-1,-1
515,119,1019.30,449.46,67.93,136.11,0.76,-1,-1,-1
515,75,73.72,496.02,157.90,215.61,0.82,-1,-1,-1
516,119,997.37,449.66,68.47,137.20,0.76,-1,-1,-1
516,75,30.89,498.81,160.90,219.70,0.82,-1,-1,-1
517,75,65.26,502.75,145.92,208.29,0.82,-1,-1,-1
517,72,983.54,454.15,49.82,142.61,0.76,-1,-1,-1
518,75,22.55,504.56,150.30,214.54,0.82,-1,-1,-1
518,72,961.83,455.57,49.75,142.43,0.76,-1,-1,-1
519,72,940.36,456.09,49.97,143.04,0.76,-1,-1,-1
520,72,920.83,454.34,51.29,147.09,0.82,-1,-1,-1
520,105,849.99,452.80,60.87,129.44,0.76,-1,-1,-1
520,113,1150.25,495.05,91.09,184.41,0.85,-1,-1,-1
521,72,898.95,454.96,51.69,148.23,0.82,-1,-1,-1
521,105,827.68,453.24,61.48,130.73,0.76,-1,-1,-1
521,113,1128.71,495.89,90.60,183.43,0.85,-1,-1,-1
522,72,876.91,454.45,52.47,150.48,0.82,-1,-1,-1
522,105,805.64,452.91,62.14,132.14,0.76,-1,-1,-1
522,113,1107.44,495.79,90.46,183.14,0.85,-1,-1,-1
523,72,866.53,453.76,51.92,149.09,0.76,-1,-1,-1
523,105,800.89,453.98,60.64,127.29,0.82,-1,-1,-1
523,113,1103.84,496.01,94.21,193.66,0.85,-1,-1,-1
524,72,845.59,452.82,53.14,152.62,0.76,-1,-1,-1
524,105,778.66,454.23,61.49,129.08,0.82,-1,-1,-1
524,113,1082.65,494.68,95.30,195.90,0.85,-1,-1,-1
525,72,824.47,452.48,54.18,155.59,0.76,-1,-1,-1
525,105,756.65,454.29,62.89,132.02,0.82,-1,-1,-1
525,113,1061.35,493.52,96.07,197.48,0.85,-1,-1,-1
526,105,772.57,456.34,67.32,142.85,0.71,-1,-1,-1
526,119,1007.06,482.36,98.29,199.11,0.85,-1,-1,-1
527,105,751.45,457.34,67.80,143.87,0.71,-1,-1,-1
527,119,985.99,480.84,99.72,202.00,0.85,-1,-1,-1
528,105,730.18,459.93,67.92,144.11,0.71,-1,-1,-1
528,119,965.03,481.00,100.88,204.36,0.85,-1,-1,-1
529,105,725.45,461.30,68.86,148.40,0.76,-1,-1,-1
529,119,968.26,488.91,98.22,201.44,0.85,-1,-1,-1
530,105,704.87,463.48,69.14,148.99,0.76,-1,-1,-1
530,119,947.75,490.40,99.30,203.65,0.85,-1,-1,-1
531,105,684.54,466.00,69.27,149.27,0.76,-1,-1,-1
531,119,928.55,492.32,98.93,202.89,0.85,-1,-1,-1
532,105,662.46,469.88,73.17,157.16,0.89,-1,-1,-1
532,119,913.67,495.86,99.71,206.96,0.85,-1,-1,-1
533,105,640.81,470.04,75.01,161.11,0.89,-1,-1,-1
533,119,895.04,496.77,99.85,207.25,0.85,-1,-1,-1
534,105,618.80,470.15,77.26,165.94,0.89,-1,-1,-1
534,119,876.09,497.49,100.57,208.74,0.85,-1,-1,-1
535,105,594.46,471.02,76.80,165.72,0.82,-1,-1,-1
535,119,850.20,496.42,100.94,212.30,0.85,-1,-1,-1
536,105,572.49,471.14,79.11,170.69,0.82,-1,-1,-1
536,119,832.39,495.58,102.05,214.65,0.85,-1,-1,-1
537,105,550.79,471.19,81.48,175.82,0.82,-1,-1,-1
537,119,813.96,492.62,104.61,220.02,0.85,-1,-1,-1
538,105,523.66,474.71,80.45,175.86,0.85,-1,-1,-1
538,119,798.96,494.30,99.57,212.67,0.91,-1,-1,-1
539,105,500.82,475.90,82.87,181.14,0.85,-1,-1,-1
539,119,779.96,491.75,102.56,219.05,0.91,-1,-1,-1
540,105,476.61,478.01,85.35,186.57,0.85,-1,-1,-1
540,119,760.44,492.79,105.63,225.62,0.91,-1,-1,-1
541,105,451.04,484.63,85.61,189.53,0.82,-1,-1,-1
541,72,740.26,491.81,73.12,208.48,0.85,-1,-1,-1
542,105,426.37,486.00,87.81,194.40,0.82,-1,-1,-1
542,72,720.84,497.21,73.41,209.31,0.85,-1,-1,-1
543,105,403.70,487.10,90.44,200.24,0.82,-1,-1,-1
543,72,703.39,498.40,73.65,209.98,0.85,-1,-1,-1
544,105,377.92,492.46,92.86,207.62,0.82,-1,-1,-1
544,72,690.76,501.16,76.79,216.73,0.82,-1,-1,-1
545,105,354.47,489.96,93.74,209.59,0.82,-1,-1,-1
545,72,673.14,498.89,76.57,216.10,0.82,-1,-1,-1
546,105,329.09,490.85,96.55,215.88,0.82,-1,-1,-1
546,72,654.82,499.60,78.08,220.37,0.82,-1,-1,-1
547,105,299.49,500.31,92.22,209.17,0.82,-1,-1,-1
547,72,649.19,500.06,76.62,219.40,0.82,-1,-1,-1
548,105,272.24,500.32,94.99,215.45,0.82,-1,-1,-1
550,105,233.61,502.40,94.47,216.50,0.85,-1,-1,-1
553,147,132.15,514.39,77.48,198.86,0.85,-1,-1,-1
553,75,39.95,519.73,124.76,200.04,0.76,-1,-1,-1
556,75,28.08,531.21,111.51,186.71,0.89,-1,-1,-1
562,92,371.98,502.76,74.01,217.78,0.89,-1,-1,-1
565,92,335.21,508.40,76.45,212.06,0.89,-1,-1,-1
568,92,284.20,513.66,79.18,204.66,0.91,-1,-1,-1
571,92,234.45,524.31,79.88,191.42,0.94,-1,-1,-1
572,92,216.26,525.24,81.22,194.62,0.94,-1,-1,-1
574,160,251.13,393.21,46.66,103.57,0.82,-1,-1,-1
574,147,164.07,527.68,74.99,186.59,0.89,-1,-1,-1
575,160,239.91,393.34,47.10,104.56,0.82,-1,-1,-1
575,147,145.08,527.99,75.49,187.84,0.89,-1,-1,-1
576,160,229.01,395.54,47.48,105.39,0.82,-1,-1,-1
577,160,220.29,401.21,46.84,103.75,0.82,-1,-1,-1
578,160,209.63,401.47,46.98,104.06,0.82,-1,-1,-1
579,160,198.66,401.59,47.54,105.31,0.82,-1,-1,-1
580,160,177.99,404.17,47.09,104.00,0.82,-1,-1,-1
580,75,39.24,545.82,103.82,171.45,0.82,-1,-1,-1
581,160,167.33,404.21,47.80,105.55,0.82,-1,-1,-1
582,160,157.01,404.76,48.39,106.87,0.82,-1,-1,-1
583,160,140.20,403.22,49.20,108.04,0.85,-1,-1,-1
583,75,9.98,551.93,97.92,167.02,0.82,-1,-1,-1
584,160,130.27,403.56,49.66,109.04,0.85,-1,-1,-1
585,160,120.58,405.27,50.07,109.95,0.85,-1,-1,-1
586,160,108.22,406.40,52.78,116.12,0.85,-1,-1,-1
586,162,1181.02,399.94,44.95,114.96,0.71,-1,-1,-1
587,160,98.82,407.73,53.21,117.07,0.85,-1,-1,-1
587,162,1179.63,397.90,46.30,118.41,0.71,-1,-1,-1
588,160,88.87,408.72,54.35,119.58,0.85,-1,-1,-1
588,162,1178.62,395.81,47.69,121.96,0.71,-1,-1,-1
589,160,79.71,410.89,54.46,120.07,0.85,-1,-1,-1
589,162,1175.33,390.38,45.16,115.38,0.82,-1,-1,-1
590,160,70.27,411.11,55.29,121.90,0.85,-1,-1,-1
590,162,1175.07,389.46,45.75,116.90,0.82,-1,-1,-1
591,160,60.46,411.33,56.47,124.51,0.85,-1,-1,-1
591,162,1174.79,389.21,46.51,118.84,0.82,-1,-1,-1
592,160,50.98,409.28,58.59,128.19,0.82,-1,-1,-1
592,162,1173.05,385.16,46.22,118.47,0.76,-1,-1,-1
593,160,41.42,409.20,59.68,130.56,0.82,-1,-1,-1
593,162,1173.81,387.23,46.72,119.74,0.76,-1,-1,-1
594,160,32.57,410.21,60.59,132.55,0.82,-1,-1,-1
594,162,1175.38,387.18,46.84,120.05,0.76,-1,-1,-1
595,160,21.07,414.64,60.23,131.39,0.82,-1,-1,-1
595,162,1169.32,388.57,46.85,119.10,0.82,-1,-1,-1
596,160,12.62,416.96,61.33,133.80,0.82,-1,-1,-1
596,162,1171.85,387.27,46.42,118.02,0.82,-1,-1,-1
597,160,3.53,417.63,61.94,135.12,0.82,-1,-1,-1
597,162,1174.62,388.66,45.73,116.26,0.82,-1,-1,-1
598,160,-2.27,425.12,61.81,134.79,0.89,-1,-1,-1
598,162,1172.01,389.07,47.00,118.40,0.85,-1,-1,-1
598,164,209.17,359.55,29.09,75.61,0.76,-1,-1,-1
599,162,1174.32,387.44,47.20,118.89,0.85,-1,-1,-1
599,164,206.77,359.62,29.27,76.07,0.76,-1,-1,-1
600,162,1177.25,387.87,47.08,118.60,0.85,-1,-1,-1
600,164,204.55,360.60,29.34,76.25,0.76,-1,-1,-1
601,160,-15.54,432.50,61.14,135.97,0.85,-1,-1,-1
601,162,1178.75,385.97,49.97,125.83,0.82,-1,-1,-1
601,164,199.91,352.22,29.76,77.28,0.71,-1,-1,-1
602,162,1181.76,385.90,50.25,126.54,0.82,-1,-1,-1
603,162,1184.50,386.15,50.60,127.42,0.82,-1,-1,-1
604,162,1186.36,388.30,48.44,122.78,0.71,-1,-1,-1
604,164,193.22,360.80,30.10,77.70,0.76,-1,-1,-1
605,162,1189.66,387.98,49.32,125.02,0.71,-1,-1,-1
605,164,191.40,360.65,30.09,77.68,0.76,-1,-1,-1
606,162,1194.37,388.71,49.30,124.98,0.71,-1,-1,-1
606,164,189.93,360.56,30.10,77.69,0.76,-1,-1,-1
607,164,186.66,363.62,30.17,77.80,0.76,-1,-1,-1
608,164,185.14,362.11,30.33,78.20,0.76,-1,-1,-1
609,164,183.52,360.90,30.55,78.77,0.76,-1,-1,-1
610,164,180.72,353.71,30.56,78.12,0.76,-1,-1,-1
611,164,178.88,353.18,30.68,78.41,0.76,-1,-1,-1
612,164,177.02,352.34,30.82,78.77,0.76,-1,-1,-1
613,164,178.51,349.81,30.62,78.18,0.57,-1,-1,-1
613,162,1210.45,394.48,50.08,128.76,0.57,-1,-1,-1
614,164,176.82,349.47,30.72,78.42,0.57,-1,-1,-1
614,162,1215.38,395.94,51.58,132.62,0.57,-1,-1,-1
615,164,175.09,349.43,30.84,78.75,0.57,-1,-1,-1
615,162,1219.96,393.30,53.13,136.60,0.57,-1,-1,-1
616,164,173.86,350.57,32.06,81.35,0.76,-1,-1,-1
616,162,1221.73,400.59,52.03,134.86,0.82,-1,-1,-1
617,164,172.20,350.71,32.01,81.21,0.76,-1,-1,-1
617,162,1226.15,401.94,53.59,138.90,0.82,-1,-1,-1
618,164,169.97,351.38,31.88,80.89,0.76,-1,-1,-1
619,164,168.16,352.77,33.91,85.81,0.64,-1,-1,-1
619,162,1230.16,401.23,52.47,138.48,0.76,-1,-1,-1
620,164,166.20,353.03,33.86,85.68,0.64,-1,-1,-1
621,164,164.70,353.57,34.02,86.10,0.64,-1,-1,-1
622,164,163.92,356.77,32.55,81.49,0.71,-1,-1,-1
622,162,1237.88,409.86,50.08,136.47,0.71,-1,-1,-1
623,164,162.51,358.64,32.95,82.49,0.71,-1,-1,-1
624,164,161.22,356.67,33.22,83.15,0.71,-1,-1,-1
625,164,159.43,362.31,31.88,79.80,0.76,-1,-1,-1
626,164,158.52,359.36,32.32,80.90,0.76,-1,-1,-1
627,164,157.72,363.92,32.41,81.12,0.76,-1,-1,-1
628,164,154.19,365.91,32.92,81.91,0.76,-1,-1,-1
629,164,154.40,370.40,33.00,82.10,0.76,-1,-1,-1
630,164,155.46,370.76,32.76,81.51,0.76,-1,-1,-1
631,164,155.74,371.14,33.75,82.64,0.76,-1,-1,-1
631,165,885.37,353.34,27.26,81.82,0.71,-1,-1,-1
632,164,156.41,372.86,33.56,82.16,0.76,-1,-1,-1
633,164,156.80,373.54,33.85,82.87,0.76,-1,-1,-1
634,164,155.76,371.55,35.58,86.24,0.82,-1,-1,-1
634,165,899.18,358.04,26.31,78.68,0.57,-1,-1,-1
635,164,156.84,370.44,35.66,86.44,0.82,-1,-1,-1
636,164,157.63,373.91,35.48,86.00,0.82,-1,-1,-1
637,164,159.25,368.43,36.49,87.62,0.64,-1,-1,-1
637,165,909.47,359.68,23.17,69.43,0.04,-1,-1,-1
638,164,160.54,371.27,36.44,87.47,0.64,-1,-1,-1
639,164,161.71,371.23,36.50,87.62,0.64,-1,-1,-1
640,164,163.68,372.01,37.89,91.39,0.71,-1,-1,-1
641,164,165.03,373.31,38.14,91.97,0.71,-1,-1,-1
642,164,166.67,373.52,38.21,92.15,0.71,-1,-1,-1
643,164,170.08,379.29,36.18,86.92,0.64,-1,-1,-1
644,164,171.42,380.26,36.48,87.65,0.64,-1,-1,-1
645,164,173.12,380.98,36.78,88.36,0.64,-1,-1,-1
646,164,175.89,384.16,36.37,88.32,0.71,-1,-1,-1
647,164,178.02,383.84,36.69,89.08,0.71,-1,-1,-1
648,164,180.69,385.07,36.87,89.52,0.71,-1,-1,-1
649,164,185.02,381.94,36.53,88.71,0.71,-1,-1,-1
652,164,191.43,374.66,36.07,88.51,0.64,-1,-1,-1
653,164,195.18,375.96,36.40,89.34,0.64,-1,-1,-1
654,164,199.58,378.95,36.15,88.73,0.64,-1,-1,-1
655,164,206.51,380.51,34.14,85.23,0.57,-1,-1,-1
656,164,212.10,387.29,34.04,84.98,0.57,-1,-1,-1
657,164,218.39,390.00,33.54,83.73,0.57,-1,-1,-1
658,164,222.19,389.28,34.86,86.86,0.71,-1,-1,-1
659,164,227.64,398.71,34.89,86.93,0.71,-1,-1,-1
660,164,230.31,396.65,35.03,87.28,0.71,-1,-1,-1
661,164,237.54,395.38,34.91,87.75,0.71,-1,-1,-1
662,164,242.25,396.38,34.85,87.59,0.71,-1,-1,-1
663,164,247.11,396.21,34.74,87.30,0.71,-1,-1,-1
664,164,254.75,399.58,33.24,81.56,0.64,-1,-1,-1
665,164,260.51,400.65,33.27,81.63,0.64,-1,-1,-1
666,164,266.82,398.55,33.00,80.98,0.64,-1,-1,-1
667,164,271.62,399.51,34.44,82.27,0.64,-1,-1,-1
668,164,279.90,399.64,34.59,82.64,0.64,-1,-1,-1
669,164,288.26,396.68,34.80,83.14,0.64,-1,-1,-1
670,164,289.70,389.50,39.26,89.19,0.64,-1,-1,-1
670,167,262.72,344.53,19.35,58.00,0.71,-1,-1,-1
671,164,296.79,389.11,39.13,88.88,0.64,-1,-1,-1
672,164,303.25,389.06,38.85,88.25,0.64,-1,-1,-1
674,164,316.78,385.74,39.53,89.80,0.64,-1,-1,-1
675,164,322.00,383.12,40.09,91.08,0.64,-1,-1,-1
676,164,344.44,384.56,41.43,93.17,0.57,-1,-1,-1
677,164,352.41,380.29,42.68,95.97,0.57,-1,-1,-1
678,164,360.46,380.08,43.81,98.51,0.57,-1,-1,-1
679,164,374.09,390.08,42.08,94.62,0.71,-1,-1,-1
680,164,382.47,388.90,41.60,93.55,0.71,-1,-1,-1
681,164,389.09,407.82,41.78,93.95,0.71,-1,-1,-1
682,164,404.95,408.70,42.50,96.78,0.64,-1,-1,-1
683,164,408.97,391.72,42.60,97.01,0.64,-1,-1,-1
684,164,416.69,385.36,43.88,99.92,0.64,-1,-1,-1
685,164,426.78,396.17,41.84,96.08,0.11,-1,-1,-1
686,164,435.52,388.16,43.09,98.96,0.11,-1,-1,-1
687,164,445.43,385.19,43.99,101.01,0.11,-1,-1,-1
688,164,453.66,386.01,46.14,102.32,0.57,-1,-1,-1
689,164,462.91,383.97,47.52,105.39,0.57,-1,-1,-1
690,164,472.41,382.90,47.99,106.42,0.57,-1,-1,-1
691,164,489.55,383.69,47.43,104.37,0.71,-1,-1,-1
692,164,499.46,387.43,47.38,104.27,0.71,-1,-1,-1
693,164,509.24,389.33,47.92,105.46,0.71,-1,-1,-1
694,164,521.58,391.09,45.01,98.34,0.50,-1,-1,-1
695,164,530.98,394.25,45.51,99.45,0.50,-1,-1,-1
696,164,541.18,395.58,44.27,96.73,0.50,-1,-1,-1
697,164,555.59,390.45,46.79,101.56,0.71,-1,-1,-1
697,170,350.75,338.32,19.35,58.00,0.71,-1,-1,-1
698,164,564.86,391.06,47.37,102.83,0.71,-1,-1,-1
699,164,575.47,394.39,47.02,102.05,0.71,-1,-1,-1
700,164,593.79,391.88,48.77,106.39,0.36,-1,-1,-1
700,170,360.00,340.77,20.44,61.26,0.71,-1,-1,-1
701,164,604.48,397.48,47.65,103.95,0.36,-1,-1,-1
702,164,614.56,403.27,48.10,104.93,0.36,-1,-1,-1
703,164,634.43,400.11,49.11,108.43,0.71,-1,-1,-1
703,170,366.28,335.62,22.06,66.26,0.71,-1,-1,-1
704,164,641.82,405.07,50.58,111.68,0.71,-1,-1,-1
705,164,650.18,406.15,52.10,115.04,0.71,-1,-1,-1
706,164,662.53,411.85,51.15,110.89,0.82,-1,-1,-1
706,170,375.50,337.55,22.72,67.85,0.64,-1,-1,-1
707,164,672.68,410.01,52.64,114.12,0.82,-1,-1,-1
708,164,684.32,410.42,53.52,116.02,0.82,-1,-1,-1
709,164,689.00,411.94,56.26,117.73,0.85,-1,-1,-1
709,170,381.97,345.61,23.24,68.24,0.71,-1,-1,-1
710,164,700.33,421.57,56.98,119.24,0.85,-1,-1,-1
711,164,713.34,420.33,56.79,118.83,0.85,-1,-1,-1
712,164,732.78,421.10,53.85,113.51,0.42,-1,-1,-1
712,170,387.42,355.70,23.67,68.24,0.71,-1,-1,-1
713,164,743.40,418.87,54.85,115.62,0.42,-1,-1,-1
713,170,387.65,354.35,24.12,69.55,0.71,-1,-1,-1
714,164,756.31,422.89,55.27,116.50,0.42,-1,-1,-1
714,170,390.07,361.79,24.21,69.79,0.71,-1,-1,-1
715,164,778.23,449.49,48.07,96.47,0.71,-1,-1,-1
715,170,389.88,360.16,24.32,68.84,0.71,-1,-1,-1
716,164,790.95,447.07,48.62,97.57,0.71,-1,-1,-1
716,170,390.51,361.30,24.60,69.62,0.71,-1,-1,-1
717,164,803.94,446.43,48.43,97.19,0.71,-1,-1,-1
717,170,391.18,362.02,24.84,70.31,0.71,-1,-1,-1
718,164,806.56,428.29,60.74,120.55,0.76,-1,-1,-1
718,170,393.72,364.94,24.46,68.88,0.76,-1,-1,-1
719,164,818.82,433.28,60.76,120.59,0.76,-1,-1,-1
720,164,832.96,434.95,61.10,121.27,0.76,-1,-1,-1
721,164,848.37,428.22,62.47,124.05,0.64,-1,-1,-1
721,170,394.13,372.87,24.72,68.26,0.71,-1,-1,-1
722,164,862.32,432.40,63.69,126.48,0.64,-1,-1,-1
722,170,395.17,373.70,25.06,69.21,0.71,-1,-1,-1
723,164,875.67,434.75,65.60,130.27,0.64,-1,-1,-1
723,170,396.88,373.27,25.12,69.38,0.71,-1,-1,-1
724,164,896.97,440.73,53.85,108.67,0.50,-1,-1,-1
724,170,396.77,377.17,27.61,74.83,0.57,-1,-1,-1
725,164,910.83,440.68,55.46,111.93,0.50,-1,-1,-1
726,164,924.80,444.68,57.12,115.29,0.50,-1,-1,-1
727,164,940.53,448.12,63.68,127.05,0.57,-1,-1,-1
727,170,400.33,383.94,28.68,77.27,0.76,-1,-1,-1
728,164,953.41,454.46,65.59,130.86,0.57,-1,-1,-1
728,170,401.75,382.26,28.84,77.70,0.76,-1,-1,-1
729,164,968.40,452.88,67.56,134.78,0.57,-1,-1,-1
729,170,402.41,381.39,29.23,78.73,0.76,-1,-1,-1
730,164,999.87,475.22,60.77,119.25,0.02,-1,-1,-1
730,170,405.47,380.28,29.36,78.67,0.71,-1,-1,-1
731,164,1014.13,482.95,58.94,115.68,0.02,-1,-1,-1
731,170,406.20,378.08,29.72,79.62,0.71,-1,-1,-1
732,164,1033.28,487.46,60.29,118.32,0.02,-1,-1,-1
732,170,406.72,378.15,30.18,80.85,0.71,-1,-1,-1
733,164,1051.74,478.54,72.99,145.71,0.64,-1,-1,-1
733,170,407.25,378.24,29.73,79.25,0.71,-1,-1,-1
734,164,1062.27,481.33,75.18,150.08,0.64,-1,-1,-1
734,170,408.18,375.49,29.71,79.19,0.71,-1,-1,-1
735,164,1077.46,477.11,77.43,154.58,0.64,-1,-1,-1
735,170,408.04,377.01,30.03,80.04,0.71,-1,-1,-1
736,164,1093.05,458.49,92.85,184.73,0.82,-1,-1,-1
736,170,407.72,383.20,29.84,79.16,0.76,-1,-1,-1
737,164,1104.57,454.39,95.63,190.27,0.82,-1,-1,-1
737,170,407.62,383.13,30.31,80.42,0.76,-1,-1,-1
738,164,1118.51,460.30,96.37,191.73,0.82,-1,-1,-1
738,170,407.81,384.47,30.47,80.83,0.76,-1,-1,-1
739,164,1147.10,470.18,93.88,184.57,0.82,-1,-1,-1
739,170,406.16,376.74,32.50,85.67,0.76,-1,-1,-1
740,164,1165.34,473.72,95.88,188.49,0.82,-1,-1,-1
740,170,406.16,377.54,32.75,86.34,0.76,-1,-1,-1
741,170,406.46,378.54,33.01,87.00,0.76,-1,-1,-1
742,164,1203.32,488.08,91.39,188.33,0.57,-1,-1,-1
742,170,405.35,380.18,33.70,88.29,0.71,-1,-1,-1
743,170,404.95,380.82,34.23,89.68,0.71,-1,-1,-1
744,170,403.57,380.59,34.94,91.56,0.71,-1,-1,-1
745,170,404.83,386.03,33.40,86.61,0.76,-1,-1,-1
746,170,403.39,385.81,33.74,87.51,0.76,-1,-1,-1
747,170,402.59,386.96,34.25,88.81,0.76,-1,-1,-1
748,170,404.06,389.98,33.96,88.60,0.76,-1,-1,-1
749,170,403.27,390.54,34.16,89.12,0.76,-1,-1,-1
750,170,402.55,390.29,34.68,90.48,0.76,-1,-1,-1
